(95866,178)
(60026,193)
(54826,190)
(65722,168)
(123642,182)
(69722,169)
(28730,206)
(42218,230)
(68522,84)
(19226,217)
(29290,229)
(85738,48)
(58234,147)
(126458,131)
(112634,144)
(31978,226)
(45690,228)
(79706,133)
(129434,193)
(5354,121)
(32170,183)
(63770,177)
(15594,237)
(115674,82)
(65434,224)
(45178,237)
(55194,225)
(102986,193)
(82410,14)
(104474,229)
(55626,74)
(132074,182)
(65290,230)
(62490,229)
(113194,216)
(95882,12)
(49306,147)
(3706,223)
(43946,179)
(124858,107)
(135706,182)
(118650,182)
(130714,61)
(60938,120)
(78778,236)
(14554,27)
(136394,188)
(40202,167)
(136986,110)
(87402,108)
(127450,103)
(45658,164)
(38042,195)
(48810,35)
(37370,151)
(123786,48)
(33978,24)
(61178,168)
(137290,99)
(47178,85)
(53850,134)
(27850,193)
(117066,14)
(63482,236)
(116474,189)
(2602,236)
(115898,98)
(115242,193)
(16794,62)
(2938,86)
(41258,226)
(13850,127)
(21834,85)
(121242,193)
(85258,229)
(34586,239)
(7034,218)
(120682,48)
(136106,43)
(47834,111)
(88346,201)
(7098,31)
(31034,238)
(118394,223)
(5898,23)
(19802,37)
(23034,128)
(119738,144)
(12682,111)
(82298,187)
(125802,194)
(86970,228)
(266,58)
(35418,48)
(88090,84)
(17930,86)
(73658,238)
(2618,70)
(124346,82)
(98506,15)
(55866,152)
(99562,134)
(113898,142)
(23514,134)
(132330,62)
(44618,166)
(15754,187)
(45018,169)
(136202,98)
(3722,229)
(86730,36)
(77994,79)
(132250,180)
(13834,236)
(133866,48)
(101386,59)
(13258,86)
(19146,177)
(127850,238)
(16618,228)
(91034,38)
(59818,182)
(27210,61)
(84282,237)
(110074,25)
(59082,96)
(28618,193)
(89930,141)
(81066,19)
(35738,36)
(116554,229)
(80842,94)
(92378,190)
(114506,218)
(20554,74)
(71034,49)
(127898,218)
(24234,110)
(1674,188)
(89578,212)
(32810,80)
(131914,181)
(17770,195)
(30058,86)
(48426,212)
(116058,103)
(85034,84)
(99482,168)
(88362,79)
(123530,143)
(52282,44)
(138442,236)
(90522,152)
(79210,189)
(116426,23)
(29274,214)
(70378,191)
(57114,168)
(12618,122)
(25226,236)
(41610,237)
(55914,60)
(109018,120)
(56650,236)
(116666,107)
(46714,132)
(30010,19)
(107066,183)
(122138,95)
(74602,110)
(7146,226)
(112858,183)
(127658,231)
(101530,14)
(21930,176)
(102618,128)
(874,57)
(130042,229)
(77418,195)
(43018,36)
(43082,128)
(135098,91)
(36522,79)
(10186,193)
(63722,168)
(51370,130)
(48938,32)
(21786,216)
(9514,25)
(65402,123)
(72378,23)
(60186,62)
(38922,154)
(12938,26)
(49194,45)
(129210,116)
(24026,177)
(34778,127)
(11642,182)
(14730,35)
(44330,230)
(76730,152)
(57914,110)
(122586,144)
(44714,103)
(282,51)
(4954,203)
(111514,157)
(95818,106)
(101418,70)
(61098,156)
(78730,159)
(136554,190)
(27338,200)
(42666,38)
(120458,183)
(41434,216)
(41946,44)
(75530,166)
(95498,72)
(33434,21)
(123226,98)
(18650,163)
(9802,48)
(16810,146)
(35850,132)
(62282,230)
(362,207)
(107850,217)
(109850,191)
(23466,103)
(39610,145)
(50810,85)
(53658,228)
(70282,51)
(124442,218)
(136378,230)
(66986,239)
(89418,158)
(103114,85)
(4602,229)
(67258,86)
(103290,156)
(110234,37)
(124266,82)
(25786,238)
(79338,230)
(25482,108)
(4986,163)
(39802,157)
(39450,104)
(53946,74)
(66058,121)
(80314,146)
(77274,139)
(104170,224)
(91658,215)
(118266,119)
(121162,225)
(33994,15)
(137194,238)
(18938,26)
(35866,46)
(69962,155)
(3930,104)
(82490,145)
(81258,237)
(44250,180)
(78010,239)
(65146,182)
(95722,206)
(103850,238)
(21658,230)
(89546,229)
(104538,236)
(112938,195)
(126874,157)
(119514,25)
(11418,71)
(85802,171)
(106778,122)
(131962,228)
(3274,238)
(49754,94)
(38554,59)
(62346,224)
(65162,99)
(7274,225)
(57194,166)
(20970,182)
(74394,228)
(52138,14)
(109530,25)
(132426,131)
(51802,158)
(66250,109)
(114890,12)
(12522,68)
(53178,229)
(92394,20)
(74426,105)
(105562,230)
(84538,98)
(93914,159)
(72394,98)
(45610,85)
(111690,216)
(109290,121)
(61962,73)
(103242,195)
(41722,230)
(60554,72)
(64506,74)
(116874,238)
(97866,13)
(39562,13)
(28666,239)
(87146,239)
(112794,163)
(27546,144)
(109162,44)
(23402,44)
(105370,87)
(132602,145)
(77466,25)
(121274,109)
(102234,212)
(108922,35)
(19786,239)
(70330,168)
(30106,59)
(37578,151)
(102122,205)
(91018,236)
(121146,239)
(39210,224)
(25082,167)
(27722,121)
(94778,191)
(128954,238)
(122810,74)
(25194,181)
(65194,132)
(96202,239)
(102170,236)
(115194,84)
(128010,169)
(43754,105)
(86458,216)
(11178,158)
(9354,195)
(35914,188)
(7482,39)
(18778,145)
(3338,237)
(38234,237)
(50906,238)
(108858,123)
(25386,180)
(73082,194)
(34298,239)
(56746,182)
(76762,239)
(26522,117)
(122314,178)
(95594,12)
(62602,98)
(26122,60)
(37290,181)
(86122,187)
(104378,229)
(93722,108)
(64218,228)
(126154,182)
(35162,179)
(82970,181)
(86042,238)
(8282,223)
(20602,207)
(79066,131)
(59946,230)
(15210,82)
(94202,68)
(28442,239)
(84458,214)
(48314,225)
(44170,115)
(19258,103)
(1642,177)
(112778,105)
(76778,34)
(105338,182)
(78554,176)
(93562,170)
(111434,237)
(22938,44)
(54234,225)
(40538,133)
(65882,237)
(76010,193)
(74682,225)
(116826,180)
(20234,133)
(34506,98)
(40394,194)
(28634,239)
(94154,97)
(63434,110)
(41930,80)
(3466,134)
(35146,134)
(5594,182)
(28858,228)
(117754,116)
(106202,239)
(112730,231)
(93754,216)
(59530,230)
(52906,216)
(40266,69)
(35066,73)
(53130,235)
(90362,224)
(116698,129)
(105482,27)
(1818,91)
(34170,223)
(49674,223)
(125242,55)
(27642,48)
(53402,224)
(48186,228)
(61642,237)
(95178,81)
(136266,239)
(10458,228)
(108170,129)
(92650,239)
(119210,194)
(100154,179)
(14650,155)
(118298,169)
(125882,128)
(90090,34)
(105514,140)
(1722,169)
(121706,62)
(21050,87)
(63146,37)
(29386,111)
(8042,224)
(119674,236)
(4170,98)
(75514,97)
(5322,14)
(97338,105)
(55466,62)
(127114,26)
(38650,225)
(44282,12)
(90890,140)
(4298,195)
(37258,86)
(51962,229)
(35258,110)
(108602,223)
(36314,183)
(50570,142)
(17226,189)
(133658,183)
(62746,129)
(22730,159)
(117050,188)
(81274,49)
(120954,122)
(11994,145)
(26826,183)
(44794,134)
(67642,146)
(13146,104)
(57706,85)
(46202,60)
(131514,55)
(26938,177)
(38970,180)
(15034,153)
(32138,151)
(35978,218)
(49658,229)
(104826,237)
(23178,58)
(103482,23)
(103914,179)
(114826,129)
(130554,239)
(125130,168)
(426,214)
(43722,159)
(16490,195)
(109178,48)
(106938,141)
(16602,205)
(134490,171)
(102890,20)
(109450,180)
(89994,118)
(41994,146)
(103274,169)
(8154,182)
(1322,75)
(52842,217)
(65754,133)
(95306,84)
(122106,20)
(23066,110)
(99642,225)
(58938,38)
(46426,230)
(22746,178)
(19178,21)
(50858,132)
(136602,193)
(58346,14)
(104314,182)
(86762,194)
(97530,155)
(32634,230)
(34250,144)
(44554,237)
(86218,119)
(45290,46)
(125114,224)
(107370,203)
(116394,212)
(18362,182)
(7418,159)
(34730,195)
(87066,26)
(46394,132)
(16890,229)
(1530,152)
(46442,83)
(49498,224)
(35962,120)
(96554,145)
(113498,170)
(28602,143)
(34074,69)
(3994,37)
(3162,229)
(76314,115)
(778,187)
(68218,181)
(130842,129)
(108234,238)
(69546,237)
(11818,120)
(64442,118)
(98554,194)
(33514,83)
(35642,225)
(133338,108)
(59514,169)
(11146,94)
(15434,158)
(74730,96)
(4938,38)
(131674,171)
(25706,59)
(107834,238)
(112330,55)
(123882,67)
(114538,133)
(61882,146)
(5866,123)
(62138,182)
(83450,20)
(82762,180)
(14490,165)
(25722,20)
(23994,99)
(50122,144)
(71722,194)
(92890,73)
(117930,84)
(107946,109)
(126346,237)
(15786,169)
(69306,84)
(37530,24)
(95386,170)
(98570,193)
(120394,204)
(135338,156)
(36906,236)
(2234,59)
(95578,143)
(2362,133)
(99418,218)
(82698,216)
(51578,55)
(57626,33)
(60634,237)
(5962,170)
(87594,129)
(90698,37)
(126410,178)
(36666,133)
(71418,144)
(75578,120)
(85786,182)
(76698,201)
(134810,33)
(69594,109)
(13418,187)
(30506,166)
(2250,106)
(8090,139)
(39690,230)
(110250,63)
(100570,94)
(7946,212)
(113482,82)
(120346,37)
(12042,147)
(698,239)
(81978,169)
(107594,166)
(11002,157)
(93258,34)
(52522,224)
(75338,164)
(81834,239)
(32442,36)
(97098,237)
(18746,223)
(95898,96)
(91722,236)
(84826,60)
(128858,121)
(80266,99)
(120202,120)
(33354,175)
(84650,239)
(75690,238)
(131546,169)
(23002,182)
(75482,239)
(5450,74)
(90346,33)
(125530,129)
(89098,57)
(107466,146)
(91306,145)
(93290,110)
(9050,111)
(19050,58)
(70026,22)
(10394,110)
(10826,182)
(19930,230)
(38362,27)
(85994,121)
(102762,71)
(94618,72)
(29594,182)
(110730,231)
(135770,20)
(121354,238)
(48714,168)
(32922,238)
(81722,145)
(133194,239)
(129674,228)
(52426,34)
(15194,69)
(84698,15)
(120378,79)
(93850,105)
(55578,238)
(78794,183)
(52810,110)
(111594,93)
(52586,130)
(100810,229)
(62394,230)
(117866,157)
(69034,235)
(8970,145)
(30330,212)
(55754,81)
(16746,27)
(78202,237)
(78362,15)
(78858,143)
(38394,60)
(73162,135)
(69866,218)
(42410,70)
(23386,111)
(119066,239)
(7402,44)
(124794,139)
(99402,37)
(125466,239)
(109482,177)
(32218,79)
(11706,95)
(43258,188)
(38026,230)
(33482,195)
(36202,230)
(93818,211)
(53674,230)
(18394,62)
(47626,237)
(24826,60)
(64986,93)
(66090,14)
(66618,238)
(29338,171)
(58570,236)
(94586,217)
(89498,37)
(74010,236)
(2490,95)
(106746,177)
(33578,182)
(1258,190)
(84186,103)
(119482,157)
(20282,230)
(65114,207)
(127386,236)
(14874,195)
(70618,91)
(34234,13)
(114266,103)
(99626,178)
(126218,239)
(69274,47)
(67050,236)
(106330,237)
(91130,231)
(121962,224)
(44378,224)
(53226,230)
(113690,229)
(63290,194)
(37146,85)
(99162,228)
(121850,104)
(29002,79)
(94554,156)
(68970,14)
(69690,49)
(130090,235)
(123578,14)
(80826,85)
(58714,44)
(99818,154)
(75114,181)
(16762,238)
(107498,223)
(39578,70)
(70346,36)
(47226,231)
(72042,228)
(103642,71)
(4698,226)
(93338,68)
(55546,218)
(108890,121)
(109674,236)
(62170,189)
(12410,229)
(74330,235)
(138106,230)
(88330,118)
(66314,147)
(33626,183)
(105114,59)
(46122,231)
(35626,182)
(75002,121)
(84490,237)
(83466,131)
(96970,238)
(92282,230)
(67770,170)
(135050,236)
(130698,93)
(71082,169)
(65082,156)
(62890,60)
(4858,195)
(102298,129)
(42042,38)
(109066,85)
(69978,83)
(55098,47)
(137162,151)
(93034,237)
(38954,236)
(56506,33)
(3194,223)
(25450,238)
(66122,105)
(34794,94)
(82314,81)
(124682,230)
(71626,14)
(1434,80)
(33466,25)
(82362,80)
(52746,228)
(64810,133)
(84410,118)
(104778,130)
(20010,230)
(26650,170)
(42266,238)
(102810,49)
(118218,133)
(58762,145)
(99674,70)
(95050,223)
(49626,214)
(23274,120)
(26186,224)
(31898,182)
(38250,218)
(108778,182)
(85818,235)
(114746,71)
(120474,115)
(66202,168)
(127738,238)
(23882,129)
(14794,146)
(22650,169)
(26970,225)
(55706,108)
(60970,229)
(2714,193)
(53354,35)
(110538,98)
(103258,27)
(129562,165)
(105914,231)
(50202,132)
(71770,224)
(97722,14)
(60282,236)
(11450,109)
(34090,194)
(42842,98)
(39722,121)
(1274,23)
(50506,74)
(73146,238)
(112714,182)
(115546,14)
(125082,230)
(116458,121)
(119370,229)
(29242,12)
(75082,62)
(76266,131)
(49226,91)
(33658,179)
(20826,182)
(71962,216)
(104810,236)
(76570,182)
(69610,105)
(135114,218)
(93098,237)
(118074,103)
(62794,37)
(92506,195)
(88858,153)
(37034,34)
(127578,43)
(10426,92)
(64650,236)
(19370,45)
(73210,147)
(127482,182)
(129610,212)
(14970,91)
(95658,121)
(6442,204)
(33898,239)
(10954,156)
(20426,212)
(112506,50)
(19386,235)
(93402,48)
(74714,178)
(56234,46)
(67898,25)
(12394,62)
(72762,228)
(112842,170)
(65322,46)
(64042,12)
(135194,63)
(79674,144)
(115018,24)
(85962,223)
(118794,86)
(137050,236)
(27434,228)
(9002,239)
(19162,97)
(91258,223)
(72266,106)
(104698,194)
(8490,26)
(36506,116)
(42970,120)
(84554,224)
(115210,226)
(114698,188)
(43802,49)
(44218,237)
(98986,63)
(63674,153)
(97210,178)
(119642,120)
(43594,115)
(133114,55)
(134250,48)
(137434,230)
(16442,24)
(45194,229)
(130682,132)
(45946,181)
(72090,120)
(46218,82)
(132682,36)
(19962,83)
(105578,104)
(115850,178)
(30730,98)
(105274,120)
(6794,62)
(136298,43)
(20618,33)
(45626,236)
(33722,231)
(95770,193)
(970,195)
(89274,35)
(92170,205)
(15658,156)
(67338,195)
(107578,238)
(136634,57)
(62874,21)
(112282,188)
(63738,25)
(38298,108)
(31930,84)
(53882,61)
(20538,91)
(202,236)
(44026,35)
(96698,169)
(123514,168)
(135498,97)
(25242,166)
(53690,239)
(138394,120)
(8986,216)
(43466,120)
(17642,224)
(136858,166)
(50186,237)
(51258,82)
(119018,129)
(71978,168)
(53994,239)
(102282,182)
(28538,116)
(71306,193)
(36106,187)
(34714,39)
(46458,134)
(24922,122)
(7386,75)
(128746,79)
(67562,80)
(52346,110)
(25530,44)
(82938,236)
(43306,75)
(60858,183)
(75930,120)
(82650,239)
(98234,207)
(126058,192)
(125034,122)
(12474,177)
(27002,230)
(123402,83)
(10538,182)
(15402,237)
(23114,236)
(64170,69)
(11658,120)
(124490,33)
(100986,192)
(24778,225)
(73850,61)
(25818,140)
(35402,236)
(10634,117)
(46634,180)
(124938,154)
(18538,63)
(10778,96)
(121226,151)
(73978,228)
(57818,62)
(8362,238)
(43418,144)
(71642,182)
(135674,193)
(66842,120)
(117226,84)
(1082,229)
(124538,156)
(112170,229)
(2954,156)
(103834,169)
(4650,193)
(47866,15)
(129594,179)
(83194,182)
(106474,165)
(90586,166)
(126074,44)
(104122,182)
(78138,191)
(17050,238)
(66154,237)
(48634,188)
(53626,237)
(70714,237)
(124042,191)
(44298,238)
(65898,178)
(43178,237)
(18698,67)
(9834,85)
(92138,82)
(96666,238)
(77882,238)
(73786,158)
(36458,178)
(27226,187)
(16314,60)
(64314,238)
(135146,121)
(138282,170)
(65658,218)
(128058,226)
(107450,95)
(136794,24)
(71354,237)
(2458,61)
(8698,225)
(63578,14)
(7530,178)
(84138,110)
(71530,49)
(124298,230)
(80698,46)
(100394,67)
(125658,82)
(22794,146)
(75562,214)
(108122,217)
(53738,216)
(101690,35)
(54650,225)
(21354,25)
(94314,27)
(127962,231)
(84346,182)
(132826,48)
(16650,96)
(135306,165)
(30298,104)
(45162,182)
(71882,212)
(69450,79)
(1338,131)
(104730,229)
(79786,238)
(137498,212)
(120058,195)
(45338,229)
(17322,214)
(110938,84)
(113450,189)
(81370,12)
(88762,86)
(86826,145)
(46474,15)
(35450,59)
(49514,207)
(28458,230)
(90554,237)
(63530,236)
(90842,45)
(92106,33)
(10250,193)
(64778,212)
(3306,146)
(12074,181)
(73066,81)
(112698,169)
(113210,121)
(114666,44)
(12458,106)
(113834,57)
(41498,15)
(47354,170)
(105770,231)
(76154,75)
(66890,228)
(108058,190)
(111050,80)
(138074,179)
(79290,237)
(24714,157)
(73514,193)
(113994,158)
(104074,239)
(91738,71)
(125514,37)
(64346,74)
(32890,229)
(68250,98)
(48538,121)
(15178,131)
(78346,214)
(2330,85)
(83722,157)
(78090,151)
(28810,59)
(70218,15)
(35994,180)
(104234,175)
(39930,236)
(126186,217)
(56698,195)
(107562,238)
(47546,12)
(33402,183)
(71050,205)
(80714,34)
(29370,82)
(48266,193)
(54426,108)
(36154,109)
(134058,195)
(84810,181)
(28330,226)
(94106,50)
(103514,103)
(32762,218)
(96186,131)
(75258,120)
(29690,24)
(129402,57)
(90154,223)
(3834,187)
(120010,187)
(136842,195)
(74026,120)
(33178,122)
(64026,58)
(130522,63)
(128538,191)
(32346,171)
(44058,190)
(43658,167)
(24730,68)
(38266,139)
(66186,231)
(84154,129)
(3434,218)
(124586,123)
(91866,193)
(67082,94)
(78522,213)
(2746,236)
(29674,187)
(23146,183)
(33946,182)
(80906,204)
(70250,86)
(93946,119)
(17690,239)
(38810,168)
(112666,238)
(84202,169)
(111114,14)
(17866,236)
(83098,223)
(114586,204)
(124058,24)
(66906,128)
(41898,13)
(22074,32)
(682,140)
(60106,140)
(31994,218)
(124506,24)
(93674,81)
(80666,228)
(123194,118)
(36842,108)
(116890,223)
(9722,229)
(34666,194)
(88842,146)
(118426,109)
(42314,216)
(48570,20)
(107018,182)
(98314,44)
(101994,217)
(103178,239)
(41418,239)
(135130,239)
(22698,236)
(104618,169)
(15626,63)
(133530,91)
(131626,235)
(51690,12)
(58634,44)
(37418,123)
(101322,74)
(94522,217)
(40602,169)
(12538,194)
(66554,238)
(120602,181)
(103866,73)
(890,98)
(130810,214)
(10890,145)
(119962,237)
(18346,218)
(48378,50)
(137098,67)
(56794,25)
(124154,111)
(12090,131)
(102426,96)
(84378,183)
(1498,228)
(39514,236)
(73930,216)
(50058,182)
(8250,179)
(101130,98)
(40106,189)
(83322,179)
(101162,146)
(57306,118)
(109034,31)
(14186,216)
(81130,24)
(96602,230)
(49562,179)
(61002,235)
(5050,34)
(21978,13)
(16090,47)
(80730,140)
(118874,236)
(5498,195)
(86538,230)
(102490,158)
(117370,237)
(99098,146)
(44762,73)
(119386,33)
(714,182)
(114458,134)
(115594,94)
(2026,132)
(89770,62)
(69946,117)
(63386,95)
(116346,73)
(77642,27)
(74442,12)
(50330,231)
(84026,19)
(30906,51)
(120122,178)
(92314,51)
(62218,83)
(98634,236)
(99146,218)
(44090,193)
(93642,91)
(91802,86)
(4826,61)
(6474,62)
(116794,228)
(70746,155)
(118490,180)
(118858,12)
(96986,170)
(114426,182)
(132474,195)
(126858,176)
(1914,170)
(75354,32)
(57402,86)
(62954,115)
(92298,237)
(50554,192)
(124826,230)
(100538,238)
(42954,228)
(44602,182)
(82442,38)
(8298,147)
(18490,238)
(127706,85)
(4010,191)
(55770,91)
(85130,132)
(87610,238)
(131994,223)
(126298,231)
(96122,50)
(61722,239)
(6810,158)
(40170,218)
(82810,195)
(31482,236)
(3498,51)
(93546,212)
(137514,167)
(124458,93)
(53018,97)
(86906,229)
(57770,14)
(83178,217)
(39546,73)
(79626,56)
(66490,239)
(98762,49)
(96106,182)
(76970,128)
(113546,195)
(60618,132)
(106042,236)
(65978,38)
(86298,128)
(10618,230)
(107226,74)
(122618,237)
(132570,187)
(41098,168)
(96090,229)
(112906,169)
(93802,91)
(88186,26)
(23450,230)
(94634,237)
(14810,111)
(69674,22)
(59418,229)
(120154,74)
(72154,128)
(63562,49)
(31130,229)
(105786,166)
(39258,91)
(5386,193)
(12490,70)
(49770,211)
(124554,158)
(97610,230)
(75642,195)
(71002,223)
(81194,132)
(137018,195)
(119594,223)
(51642,73)
(137642,176)
(90234,46)
(5642,81)
(45722,20)
(74266,181)
(15290,235)
(48618,82)
(62666,110)
(82906,26)
(103626,171)
(124410,159)
(136490,168)
(69770,217)
(86330,230)
(132954,13)
(83818,182)
(137274,231)
(77194,38)
(23674,237)
(57162,98)
(40362,166)
(92362,23)
(58170,14)
(18666,163)
(37402,224)
(54506,127)
(68650,74)
(99386,98)
(135834,44)
(81498,73)
(67818,214)
(76954,238)
(22298,109)
(14890,59)
(31018,237)
(82154,229)
(84634,79)
(125450,72)
(47322,223)
(133402,187)
(47658,84)
(58042,218)
(98650,143)
(95946,177)
(106250,216)
(99466,145)
(133498,145)
(97674,182)
(68906,93)
(42602,223)
(72426,239)
(3786,195)
(54090,133)
(101850,236)
(88490,166)
(129626,229)
(94442,25)
(47258,61)
(75738,13)
(71802,229)
(39770,182)
(84474,120)
(91370,157)
(79018,109)
(11194,223)
(70506,235)
(125162,98)
(69242,48)
(40410,27)
(19322,236)
(19866,130)
(121338,211)
(37994,84)
(70442,238)
(80986,155)
(47242,47)
(111242,84)
(46186,83)
(135642,50)
(90,98)
(38314,230)
(5626,50)
(56298,187)
(105258,177)
(21002,177)
(37466,189)
(100602,31)
(98826,156)
(1114,228)
(17786,156)
(113098,62)
(134042,214)
(100090,228)
(54858,98)
(49978,91)
(53498,69)
(17882,84)
(80042,14)
(96042,212)
(123610,144)
(33642,31)
(77226,238)
(32906,158)
(119546,128)
(12330,59)
(250,96)
(18202,107)
(127466,49)
(94090,94)
(68154,239)
(50474,74)
(80554,225)
(37770,119)
(132186,73)
(18122,37)
(71210,225)
(103898,121)
(10970,228)
(121466,74)
(8186,229)
(112106,230)
(112954,34)
(21546,14)
(49290,153)
(132874,121)
(41562,134)
(7706,123)
(97082,216)
(116970,236)
(132970,92)
(55018,116)
(75066,237)
(54330,131)
(48074,61)
(92266,182)
(73194,74)
(60346,163)
(2042,194)
(110842,163)
(31466,226)
(83482,98)
(103450,236)
(91098,84)
(2970,72)
(112314,128)
(125866,13)
(133898,191)
(13578,169)
(11610,212)
(12970,193)
(28234,236)
(44650,159)
(26058,168)
(132794,96)
(137370,218)
(125322,98)
(38154,129)
(52250,236)
(91930,195)
(105738,217)
(89034,95)
(110058,13)
(130106,44)
(95002,143)
(102538,26)
(48218,26)
(49178,216)
(23722,238)
(100522,23)
(52042,51)
(108538,23)
(7546,212)
(84746,231)
(136218,45)
(38186,239)
(67482,238)
(59690,212)
(26730,195)
(50266,107)
(60794,144)
(136042,36)
(108314,109)
(68874,37)
(24346,85)
(89562,189)
(129930,236)
(135802,229)
(136442,80)
(40522,239)
(17562,170)
(7978,97)
(64426,95)
(92746,170)
(66810,84)
(16458,37)
(53898,110)
(115338,122)
(106154,98)
(116650,183)
(99786,225)
(134346,195)
(98266,13)
(60058,98)
(61370,226)
(60138,14)
(14314,62)
(137706,25)
(75882,61)
(99754,50)
(90858,45)
(136922,144)
(127914,130)
(30234,15)
(79258,80)
(96074,190)
(132442,25)
(1162,134)
(109786,214)
(90794,24)
(97802,86)
(99914,236)
(19418,118)
(54602,236)
(30826,75)
(33130,205)
(96314,235)
(123178,228)
(131834,193)
(47946,91)
(57370,191)
(21498,168)
(79434,129)
(85098,228)
(92618,56)
(50714,145)
(43626,194)
(35226,236)
(3258,49)
(44474,132)
(42298,74)
(136330,69)
(87466,31)
(6842,130)
(41834,154)
(86378,49)
(130266,48)
(132154,86)
(28490,93)
(109754,15)
(58650,156)
(20026,85)
(87946,183)
(21690,167)
(41594,189)
(66026,13)
(118538,229)
(9322,71)
(103338,70)
(32778,223)
(96170,120)
(128602,132)
(12874,216)
(71834,121)
(73402,236)
(19018,63)
(113514,44)
(23802,168)
(79386,236)
(123978,225)
(53242,26)
(53098,195)
(124810,151)
(115818,97)
(138234,133)
(71562,182)
(41162,179)
(98666,121)
(17290,132)
(61434,194)
(113946,115)
(117914,85)
(129354,71)
(89898,68)
(95242,82)
(138170,31)
(3866,27)
(128426,12)
(10698,229)
(93626,20)
(38490,224)
(61578,230)
(26426,238)
(76074,179)
(126634,115)
(30554,168)
(93706,119)
(22058,154)
(56586,180)
(15642,180)
(69050,60)
(29466,164)
(43706,84)
(73290,108)
(97690,87)
(119690,170)
(20794,94)
(100282,46)
(3610,35)
(100938,130)
(12122,215)
(71242,158)
(29786,110)
(124570,171)
(15738,61)
(99338,177)
(100378,182)
(13130,235)
(794,31)
(15994,177)
(20250,75)
(136010,231)
(8938,83)
(23738,13)
(45994,236)
(84970,153)
(58282,14)
(100074,38)
(23258,43)
(1146,120)
(474,181)
(116026,33)
(53114,157)
(93354,62)
(79370,238)
(84954,31)
(57562,34)
(61994,191)
(121930,13)
(102826,181)
(48170,120)
(83402,238)
(49898,157)
(103162,48)
(124746,236)
(119578,86)
(119194,195)
(12842,164)
(12954,13)
(9626,120)
(46698,37)
(71162,132)
(6506,239)
(17802,236)
(48346,110)
(72490,238)
(86714,38)
(136746,121)
(109978,238)
(120698,237)
(95066,74)
(53050,25)
(64282,85)
(66442,72)
(61114,46)
(46778,187)
(136570,129)
(99002,200)
(127018,237)
(88746,127)
(129850,19)
(3514,51)
(62698,229)
(96810,238)
(95642,20)
(42122,24)
(87322,212)
(25274,217)
(68666,195)
(2122,99)
(69530,34)
(69402,154)
(97370,180)
(97002,39)
(8650,86)
(112826,237)
(125066,207)
(128906,235)
(54970,115)
(13898,21)
(91674,194)
(6986,62)
(135994,86)
(31674,228)
(77754,74)
(131786,74)
(106410,93)
(120730,239)
(114074,92)
(102730,14)
(40442,231)
(94954,168)
(119130,44)
(122362,85)
(64842,86)
(74250,121)
(11770,182)
(34986,157)
(36634,169)
(121210,181)
(108042,215)
(138122,122)
(72986,34)
(133850,24)
(68426,193)
(92554,108)
(14474,96)
(6026,51)
(13866,131)
(129786,216)
(21386,237)
(115754,133)
(113530,224)
(22282,68)
(110330,32)
(72346,187)
(125418,145)
(19658,62)
(10,194)
(19098,122)
(50250,128)
(93002,51)
(15242,20)
(71194,127)
(61354,224)
(76058,140)
(66362,25)
(129482,32)
(117482,140)
(29258,109)
(123546,226)
(31690,191)
(22986,199)
(78442,229)
(89786,191)
(6138,123)
(56618,237)
(21018,229)
(61242,105)
(106538,229)
(50282,85)
(16378,230)
(85162,98)
(314,121)
(29994,238)
(105850,44)
(21450,236)
(63258,215)
(16970,85)
(81322,228)
(7882,24)
(3402,86)
(93114,168)
(133066,194)
(96794,170)
(66474,61)
(21530,231)
(74282,229)
(122426,110)
(49018,146)
(27466,189)
(43130,218)
(89386,57)
(1546,229)
(62618,228)
(115050,224)
(170,194)
(52026,195)
(99770,14)
(105082,189)
(130506,23)
(84522,178)
(30442,155)
(41274,224)
(75450,72)
(67498,133)
(24474,228)
(55962,143)
(93370,178)
(105834,231)
(118154,26)
(50762,36)
(54986,237)
(107434,228)
(123658,212)
(7610,105)
(115786,94)
(129754,182)
(9466,195)
(67786,159)
(20650,190)
(36746,141)
(11210,108)
(70522,157)
(85354,229)
(87242,228)
(17754,135)
(110426,230)
(97418,39)
(81482,120)
(49530,216)
(1514,223)
(114922,87)
(27674,98)
(30314,236)
(59066,15)
(69850,129)
(9162,239)
(25178,163)
(135482,228)
(45274,55)
(17386,193)
(93610,229)
(68186,195)
(13546,203)
(8442,180)
(127626,91)
(1594,98)
(32986,146)
(71946,231)
(35930,202)
(92826,228)
(118522,238)
(69338,24)
(101082,192)
(87834,59)
(132138,120)
(2730,169)
(10490,223)
(134778,203)
(30698,187)
(132410,170)
(109626,189)
(54074,97)
(87770,152)
(82074,33)
(47114,48)
(51386,20)
(112074,75)
(106266,109)
(105962,237)
(108106,86)
(69386,237)
(104362,236)
(12922,69)
(52298,169)
(131082,19)
(10314,55)
(34634,156)
(16298,238)
(63194,44)
(38538,83)
(54682,166)
(56442,79)
(76554,230)
(124282,218)
(64458,146)
(117994,193)
(119258,228)
(21274,182)
(55530,192)
(90186,108)
(17546,98)
(91898,223)
(111402,107)
(112474,177)
(97818,218)
(129034,223)
(48506,231)
(27018,157)
(108218,74)
(81818,86)
(105210,67)
(34442,230)
(81018,122)
(127610,180)
(71546,123)
(63418,50)
(126234,27)
(52058,21)
(48410,24)
(10442,194)
(32554,115)
(117946,37)
(53386,237)
(77610,195)
(6618,238)
(55178,238)
(71466,226)
(11578,157)
(136682,32)
(98538,237)
(95226,132)
(88170,236)
(120522,157)
(123946,69)
(30890,230)
(137850,50)
(57578,38)
(81242,111)
(113866,231)
(80234,237)
(22426,133)
(101946,109)
(103978,94)
(47066,229)
(120858,24)
(70154,111)
(123994,43)
(117034,85)
(14746,207)
(25770,231)
(57498,109)
(17674,13)
(44106,106)
(102090,239)
(50538,24)
(1034,115)
(24506,14)
(27610,36)
(23946,26)
(13098,223)
(121114,12)
(69210,231)
(132538,146)
(78330,177)
(112458,230)
(137466,224)
(28522,175)
(122826,177)
(22970,223)
(41530,37)
(116586,50)
(74346,13)
(80650,60)
(137674,231)
(22266,230)
(86698,168)
(32874,238)
(68794,63)
(104666,13)
(102138,120)
(126714,111)
(130138,82)
(107978,239)
(21674,47)
(137962,195)
(23162,217)
(101066,238)
(33850,120)
(570,43)
(8746,229)
(21146,238)
(44266,99)
(76906,83)
(92906,156)
(39162,156)
(5546,48)
(4634,143)
(126250,238)
(30074,75)
(79914,229)
(55978,86)
(47450,116)
(76394,13)
(53338,228)
(124890,191)
(42522,14)
(44874,142)
(83754,218)
(112890,110)
(50154,43)
(77578,228)
(97946,217)
(105866,158)
(9434,183)
(79114,120)
(62938,237)
(74042,230)
(97402,195)
(125738,110)
(137786,229)
(10922,235)
(68506,50)
(52442,182)
(84570,106)
(39946,217)
(73130,120)
(119002,75)
(111178,72)
(39818,86)
(132490,237)
(132922,94)
(100026,85)
(118474,85)
(97882,218)
(66106,226)
(73818,213)
(12666,120)
(28090,84)
(23226,35)
(12906,95)
(15098,223)
(101306,216)
(124138,105)
(57098,180)
(118682,15)
(88570,62)
(84106,134)
(123802,224)
(90298,182)
(123594,120)
(118042,239)
(100458,147)
(85018,15)
(102154,46)
(61562,36)
(20170,194)
(71930,180)
(15370,141)
(10074,182)
(59338,140)
(25258,108)
(6346,118)
(27946,110)
(15930,224)
(77482,143)
(115146,119)
(99978,157)
(42010,49)
(74570,194)
(53482,226)
(54490,109)
(80570,191)
(80202,72)
(3066,228)
(26618,239)
(23098,120)
(32362,229)
(129658,62)
(60154,20)
(69434,120)
(133034,187)
(113290,166)
(130730,194)
(104106,122)
(90250,25)
(119882,134)
(131466,230)
(40458,134)
(90570,14)
(6410,230)
(61466,135)
(79082,68)
(135274,187)
(99930,67)
(15498,123)
(99066,216)
(88458,224)
(103466,187)
(68714,132)
(93466,178)
(16714,34)
(65594,170)
(17034,195)
(77002,121)
(79722,216)
(101594,216)
(114522,239)
(35546,44)
(79978,24)
(108394,194)
(134570,121)
(104202,13)
(11018,144)
(42106,118)
(51306,223)
(128586,167)
(121082,27)
(41242,230)
(57002,81)
(84042,238)
(95674,192)
(138058,235)
(117514,15)
(89610,133)
(97482,109)
(19354,73)
(55210,110)
(96714,182)
(110970,82)
(115866,67)
(9482,95)
(60266,105)
(14586,72)
(135066,238)
(108714,169)
(76986,58)
(107786,62)
(70058,163)
(65626,73)
(22362,122)
(1098,229)
(69994,79)
(81146,108)
(72890,225)
(52634,14)
(129722,238)
(133466,226)
(115706,81)
(47930,103)
(83386,97)
(18810,170)
(93210,92)
(71786,236)
(109242,15)
(58074,91)
(33162,108)
(65498,231)
(82266,86)
(75770,203)
(50234,36)
(122506,238)
(138490,182)
(19850,121)
(52714,37)
(95370,236)
(2762,152)
(26474,118)
(79050,61)
(87978,27)
(97514,80)
(3146,25)
(64794,223)
(93482,229)
(10138,32)
(91610,121)
(24682,237)
(125050,188)
(21626,181)
(20330,57)
(79962,229)
(38330,62)
(25050,81)
(125562,110)
(131338,32)
(82330,81)
(85370,237)
(30762,239)
(126282,204)
(122778,109)
(120410,177)
(24554,117)
(102026,236)
(65418,117)
(23642,24)
(36490,182)
(52778,192)
(4682,235)
(137802,49)
(39498,106)
(133002,169)
(54202,167)
(9946,191)
(29130,238)
(84122,191)
(72954,179)
(57882,181)
(134394,156)
(79530,62)
(118714,190)
(55434,195)
(12890,183)
(14330,118)
(42154,49)
(48682,212)
(114602,97)
(45642,156)
(83162,24)
(124122,109)
(128458,39)
(82746,231)
(93178,94)
(97738,19)
(31642,83)
(104426,132)
(96938,217)
(116954,183)
(137722,236)
(126570,182)
(20442,139)
(92410,231)
(11946,218)
(111018,26)
(86442,237)
(81210,181)
(48794,49)
(102746,144)
(18282,98)
(14634,164)
(94394,193)
(21034,62)
(78234,193)
(111802,182)
(12746,236)
(37930,133)
(31626,72)
(97594,217)
(42906,180)
(56634,32)
(41674,153)
(131482,123)
(19546,182)
(13658,33)
(35706,140)
(13466,131)
(70938,74)
(117834,96)
(82730,230)
(57850,238)
(104250,104)
(17850,123)
(29962,132)
(78650,74)
(68266,133)
(67802,48)
(118826,181)
(78618,164)
(134282,237)
(97322,33)
(1690,24)
(38570,127)
(65178,239)
(108634,191)
(119770,238)
(6970,26)
(89082,116)
(13594,225)
(58986,143)
(63338,239)
(90634,225)
(13402,163)
(104970,48)
(40122,118)
(49786,146)
(91770,224)
(30202,214)
(81290,181)
(134730,55)
(4730,120)
(108618,91)
(75210,98)
(121482,20)
(23978,51)
(65530,73)
(112378,115)
(32714,183)
(130026,13)
(49850,120)
(47722,191)
(41370,187)
(117322,218)
(132346,229)
(43978,144)
(45434,96)
(122666,26)
(101786,182)
(3658,73)
(40778,109)
(133354,62)
(22010,239)
(120282,236)
(79818,91)
(76378,116)
(118554,68)
(113306,156)
(123690,56)
(99242,191)
(59674,226)
(93786,84)
(55514,24)
(31866,110)
(120042,235)
(103946,84)
(18570,127)
(2426,119)
(48298,238)
(78506,187)
(1050,218)
(128778,195)
(22474,142)
(8474,69)
(70490,48)
(32602,36)
(110714,217)
(4282,170)
(42,12)
(27930,178)
(133178,39)
(122906,50)
(44522,37)
(134426,226)
(20458,131)
(71114,132)
(83770,121)
(97194,190)
(128442,157)
(55850,72)
(70074,192)
(24698,182)
(54394,120)
(56074,85)
(56810,217)
(85178,134)
(116010,223)
(100778,157)
(20714,218)
(130250,229)
(90218,85)
(94266,235)
(68602,180)
(73946,163)
(47578,25)
(84266,107)
(15530,109)
(121434,116)
(29706,55)
(59642,147)
(75850,48)
(88730,20)
(127210,205)
(33754,237)
(25466,73)
(74650,168)
(104522,192)
(11354,216)
(110282,180)
(21418,107)
(100826,26)
(43098,194)
(32730,182)
(5738,147)
(122026,216)
(79306,38)
(122042,236)
(114042,140)
(73866,116)
(84842,229)
(62650,26)
(92490,229)
(97930,130)
(17194,49)
(111738,71)
(107706,193)
(134090,26)
(23562,180)
(57834,44)
(8522,224)
(19770,226)
(35002,231)
(31498,193)
(34154,206)
(105418,86)
(46346,146)
(65770,120)
(13770,72)
(95914,130)
(79770,228)
(118570,217)
(104586,218)
(107754,217)
(55418,146)
(126362,60)
(42730,144)
(117882,189)
(15802,237)
(101210,118)
(66762,75)
(91642,48)
(77786,51)
(138138,69)
(62634,178)
(58554,189)
(58954,180)
(34346,237)
(87082,36)
(24106,84)
(31082,63)
(51610,182)
(5146,86)
(34314,37)
(34698,105)
(38938,143)
(137226,236)
(4794,168)
(126746,118)
(73418,128)
(94378,144)
(124314,13)
(68490,181)
(135370,168)
(74186,84)
(121802,84)
(22170,187)
(78842,130)
(112618,72)
(94426,169)
(50522,14)
(36218,164)
(92234,226)
(58618,62)
(76218,25)
(4122,12)
(14394,119)
(120890,191)
(34810,128)
(78634,110)
(124922,32)
(92426,180)
(128762,15)
(81226,239)
(36330,146)
(122922,95)
(105018,169)
(126554,110)
(83930,156)
(5306,117)
(1370,97)
(34138,191)
(94026,96)
(122410,187)
(128618,238)
(68826,72)
(13786,238)
(42554,37)
(134890,132)
(116250,182)
(35178,86)
(99866,106)
(115034,157)
(33786,44)
(99306,191)
(73674,238)
(75098,229)
(85914,25)
(49594,168)
(54042,132)
(95082,183)
(52970,187)
(16266,110)
(118730,237)
(92058,120)
(128810,191)
(82858,158)
(3050,169)
(19882,157)
(31450,120)
(74762,167)
(135178,120)
(67658,144)
(60682,195)
(17274,93)
(70954,170)
(12362,157)
(76442,229)
(24906,224)
(133626,218)
(127226,84)
(104906,217)
(42202,156)
(1450,236)
(133642,225)
(35194,218)
(74074,229)
(92122,228)
(40730,204)
(87722,67)
(68330,239)
(85978,226)
(68762,159)
(128714,70)
(47290,195)
(31946,236)
(130234,231)
(64106,180)
(39482,181)
(12154,39)
(120106,238)
(98026,146)
(98906,195)
(5466,96)
(66570,168)
(67466,236)
(46810,228)
(56410,217)
(83002,12)
(59754,191)
(51242,158)
(4346,230)
(32026,194)
(18602,120)
(40330,61)
(95034,106)
(70122,170)
(98154,182)
(137082,207)
(22090,85)
(117258,24)
(86874,133)
(86842,115)
(58410,182)
(5818,228)
(105946,103)
(89946,68)
(46602,191)
(99034,237)
(58666,167)
(34122,175)
(130458,180)
(78474,223)
(129002,175)
(74202,195)
(7194,129)
(112490,110)
(62410,133)
(74842,236)
(31146,225)
(48730,92)
(88154,111)
(114090,212)
(19994,14)
(24858,195)
(31002,61)
(59658,168)
(68042,170)
(986,225)
(124186,70)
(67386,36)
(29098,27)
(95258,230)
(25626,21)
(39898,127)
(67066,206)
(44538,237)
(43146,81)
(15050,109)
(132938,237)
(26922,13)
(103034,61)
(99450,168)
(54538,46)
(88826,144)
(114250,75)
(4778,229)
(75914,191)
(88314,195)
(91882,204)
(136906,228)
(103882,55)
(102010,83)
(133770,19)
(56474,60)
(24330,39)
(5946,69)
(3130,49)
(94970,97)
(2202,98)
(17994,228)
(43226,19)
(134218,194)
(75978,46)
(122570,164)
(1754,230)
(10554,119)
(91242,71)
(18874,225)
(117706,98)
(9754,50)
(842,190)
(16170,225)
(37706,238)
(18250,80)
(33546,230)
(98730,120)
(55594,60)
(88218,193)
(132634,218)
(37066,91)
(47610,228)
(59242,183)
(85594,61)
(136154,215)
(92778,157)
(41002,86)
(101450,122)
(132202,216)
(115802,96)
(83258,84)
(86746,60)
(26378,120)
(90970,189)
(127498,180)
(76298,238)
(125434,123)
(136730,85)
(87354,175)
(119898,24)
(15514,239)
(32234,73)
(24666,218)
(20922,127)
(125402,238)
(116746,145)
(127866,127)
(28298,218)
(60010,119)
(108762,239)
(89978,194)
(67834,69)
(44666,238)
(28122,217)
(30026,131)
(75018,169)
(29498,181)
(69578,177)
(115498,229)
(122,211)
(78762,183)
(131594,152)
(29530,193)
(32522,39)
(85322,231)
(86170,239)
(93866,46)
(93834,130)
(63882,223)
(1834,72)
(56906,237)
(17706,190)
(32426,70)
(40650,235)
(82458,224)
(9306,68)
(87738,81)
(112266,122)
(58842,50)
(92090,26)
(92586,123)
(18410,145)
(23498,74)
(82538,170)
(41770,236)
(133434,135)
(28378,187)
(121914,22)
(5994,192)
(40314,127)
(76522,181)
(82346,70)
(8538,34)
(124698,145)
(4618,177)
(88202,144)
(97914,229)
(46362,85)
(10026,156)
(72746,237)
(42442,228)
(132090,164)
(57690,181)
(38858,187)
(109434,48)
(74378,132)
(83802,213)
(32682,25)
(84058,236)
(5098,120)
(1994,57)
(9066,229)
(37946,177)
(40954,170)
(89466,236)
(87562,228)
(127722,117)
(88586,194)
(80090,120)
(52538,75)
(70474,85)
(132234,120)
(3322,229)
(51706,237)
(26762,236)
(33674,193)
(56730,14)
(120666,108)
(109514,129)
(128490,129)
(90666,236)
(46138,238)
(70858,218)
(122538,94)
(20106,61)
(4186,107)
(114762,109)
(11674,230)
(83434,69)
(87162,228)
(13530,122)
(78154,129)
(112298,97)
(121178,48)
(25290,32)
(56762,122)
(81610,236)
(125098,155)
(118362,127)
(15674,229)
(62362,156)
(69370,58)
(72506,146)
(7834,12)
(129866,132)
(131242,96)
(118762,132)
(1306,44)
(98426,72)
(138218,238)
(3898,131)
(80154,235)
(115978,12)
(32474,228)
(113658,177)
(50362,194)
(63514,224)
(50074,177)
(91514,60)
(67690,109)
(85946,50)
(100698,224)
(15386,180)
(135210,55)
(42074,189)
(57258,25)
(31226,187)
(120538,231)
(121754,187)
(126970,228)
(133274,25)
(13210,178)
(80426,218)
(101242,111)
(68314,215)
(42586,176)
(94538,190)
(85050,200)
(101002,169)
(121258,61)
(101514,135)
(113434,127)
(3674,228)
(6570,133)
(57322,73)
(137882,14)
(31962,163)
(17962,85)
(42714,81)
(72938,212)
(137834,195)
(128266,225)
(72970,229)
(91162,134)
(132378,117)
(111258,12)
(3482,94)
(95562,74)
(8794,69)
(109098,59)
(113626,97)
(76746,27)
(81738,37)
(52186,86)
(90122,142)
(61226,195)
(2314,45)
(33386,130)
(63242,182)
(45354,120)
(10170,61)
(85850,60)
(27818,206)
(234,229)
(51946,68)
(64202,108)
(3178,57)
(56874,73)
(131930,236)
(122346,187)
(115450,239)
(39994,128)
(116906,236)
(52234,13)
(124106,226)
(33146,132)
(41354,13)
(106490,144)
(97354,239)
(79194,67)
(112138,218)
(40858,193)
(68106,177)
(114986,229)
(78170,55)
(56714,217)
(17082,192)
(107338,49)
(75290,230)
(6218,133)
(113082,132)
(46282,122)
(103994,229)
(98394,73)
(2842,228)
(55066,212)
(50410,74)
(18026,121)
(88106,152)
(25658,120)
(114314,169)
(46058,144)
(114954,223)
(55322,230)
(86490,56)
(54106,230)
(33770,217)
(82954,230)
(129530,170)
(3642,180)
(95738,25)
(133226,228)
(75306,111)
(36874,145)
(102938,86)
(56186,34)
(45370,33)
(70602,195)
(41226,12)
(94666,231)
(35754,115)
(56266,82)
(91754,141)
(108522,159)
(108874,103)
(121770,36)
(108186,142)
(6586,228)
(131610,217)
(109642,25)
(70314,19)
(111034,170)
(35610,182)
(46042,229)
(82570,223)
(123738,120)
(37050,146)
(78682,79)
(82522,217)
(27834,31)
(38906,194)
(100122,44)
(42394,118)
(22378,226)
(129338,12)
(64634,106)
(12778,111)
(118010,164)
(84170,144)
(58746,110)
(4442,190)
(30522,237)
(42698,24)
(44202,229)
(83786,238)
(114298,95)
(2698,163)
(77386,71)
(101658,193)
(51418,181)
(54698,73)
(59018,14)
(74490,238)
(60522,56)
(75226,193)
(123866,22)
(98346,45)
(81434,109)
(103226,182)
(63274,182)
(78538,108)
(108906,179)
(75866,228)
(102922,231)
(45866,182)
(34362,168)
(113706,110)
(138426,13)
(394,45)
(105546,230)
(59306,228)
(87306,230)
(13162,194)
(118202,237)
(111274,170)
(123706,190)
(29562,111)
(74858,216)
(86522,157)
(20842,170)
(56938,98)
(62426,239)
(99274,212)
(40090,158)
(123322,239)
(100202,72)
(108506,218)
(45322,57)
(14666,237)
(3802,153)
(21850,144)
(74106,84)
(125770,33)
(109930,60)
(65226,48)
(26634,128)
(96826,195)
(102074,15)
(34650,158)
(61418,25)
(18106,43)
(73578,12)
(89722,55)
(87450,75)
(99850,103)
(21946,104)
(97498,177)
(67226,139)
(123146,56)
(136362,236)
(74586,34)
(107866,14)
(102778,170)
(113274,132)
(47898,43)
(76138,80)
(80378,51)
(50490,156)
(81626,95)
(135402,178)
(24442,25)
(81546,194)
(136618,154)
(4842,182)
(76106,231)
(115130,188)
(72874,231)
(111002,239)
(114378,48)
(130426,61)
(11386,228)
(666,217)
(71370,230)
(77658,97)
(121610,34)
(93994,183)
(19946,169)
(27562,170)
(13354,45)
(135578,230)
(65578,121)
(56202,237)
(6186,225)
(6010,122)
(62186,99)
(40986,228)
(70682,146)
(74970,14)
(107242,106)
(129082,115)
(5274,193)
(137898,202)
(70986,192)
(124650,223)
(45242,180)
(12586,182)
(79642,195)
(15066,212)
(40074,13)
(64234,236)
(49706,168)
(59546,228)
(37386,13)
(43914,56)
(93418,178)
(2922,38)
(13722,175)
(47850,51)
(82058,236)
(106650,189)
(105434,47)
(117450,206)
(10762,26)
(130282,228)
(112410,195)
(137354,146)
(43882,183)
(154,106)
(5786,85)
(133834,96)
(134858,226)
(77338,229)
(26538,168)
(134314,122)
(5562,167)
(114186,206)
(41514,165)
(58474,45)
(48042,212)
(24538,177)
(68634,212)
(1610,104)
(20378,44)
(75706,167)
(46890,84)
(64490,156)
(48394,68)
(69098,195)
(35786,193)
(120266,183)
(52170,230)
(117210,194)
(130586,146)
(91786,62)
(135850,46)
(16058,212)
(53610,238)
(61674,201)
(92842,225)
(91818,187)
(126602,48)
(135562,86)
(40218,235)
(26298,223)
(70266,49)
(55786,95)
(64618,238)
(70794,145)
(133546,38)
(110666,27)
(64698,47)
(87994,230)
(20058,129)
(115482,228)
(61402,235)
(97290,27)
(67146,194)
(104890,115)
(62266,187)
(44890,170)
(30474,120)
(26714,59)
(26666,51)
(136586,146)
(43370,46)
(89594,48)
(122090,146)
(86586,83)
(110954,187)
(107002,132)
(11754,178)
(116682,36)
(10586,50)
(49162,86)
(36970,188)
(97642,122)
(78890,82)
(121898,73)
(106026,231)
(14106,223)
(47130,239)
(65994,103)
(6330,235)
(67274,48)
(106106,15)
(122714,181)
(86410,49)
(88890,181)
(89114,26)
(104026,193)
(115562,190)
(96266,230)
(83914,86)
(24138,169)
(55114,59)
(56842,147)
(103402,37)
(28954,228)
(120330,14)
(81898,129)
(118170,175)
(5178,74)
(29834,62)
(84218,190)
(135242,132)
(51082,237)
(54522,237)
(16186,228)
(63866,167)
(95786,204)
(83338,188)
(113930,178)
(36282,195)
(63498,218)
(87386,183)
(27418,27)
(60650,158)
(110186,129)
(85530,179)
(104186,106)
(113610,43)
(126426,27)
(118810,182)
(26074,193)
(133162,223)
(129706,216)
(106506,132)
(106794,97)
(128554,170)
(109610,229)
(64394,82)
(127642,154)
(114858,224)
(8682,163)
(75626,55)
(138266,182)
(124074,108)
(58506,194)
(7050,191)
(5914,49)
(32122,51)
(60602,237)
(112426,110)
(100714,85)
(120250,21)
(74634,94)
(62474,71)
(6074,134)
(69466,193)
(135530,83)
(6234,108)
(66170,86)
(109962,87)
(117418,73)
(137994,61)
(32250,59)
(57674,27)
(125930,33)
(21162,56)
(66938,110)
(61210,238)
(107162,171)
(65514,51)
(17626,192)
(80394,178)
(94730,238)
(105802,25)
(110522,229)
(135626,169)
(55658,191)
(118986,24)
(12314,132)
(116282,99)
(13994,181)
(59354,223)
(125898,216)
(109402,238)
(111210,152)
(93690,121)
(10810,206)
(23194,67)
(25370,147)
(87258,236)
(13754,193)
(11722,110)
(99834,75)
(100634,165)
(77626,83)
(14522,152)
(42378,237)
(80506,109)
(74,170)
(102714,109)
(101434,231)
(40842,105)
(41914,14)
(2074,106)
(59994,74)
(131162,86)
(128074,97)
(13642,123)
(115178,170)
(102522,139)
(89658,32)
(135930,122)
(124234,61)
(9290,61)
(92730,239)
(126266,238)
(21066,218)
(121306,127)
(20362,229)
(52922,169)
(74474,146)
(58906,60)
(65946,230)
(30186,223)
(90074,231)
(3546,229)
(14954,92)
(41754,36)
(66522,60)
(131450,239)
(86938,236)
(131738,55)
(18378,194)
(46618,139)
(6762,83)
(112026,193)
(96250,167)
(59594,50)
(124842,111)
(8858,147)
(51114,63)
(84778,195)
(118954,194)
(81690,134)
(80762,239)
(111418,224)
(133914,212)
(68586,228)
(134634,132)
(9098,38)
(33882,180)
(115530,79)
(131946,230)
(6266,229)
(64714,50)
(34010,111)
(65018,31)
(115466,178)
(132858,127)
(4410,106)
(66954,214)
(87098,223)
(31818,182)
(102682,141)
(9418,48)
(80010,228)
(47994,215)
(94234,85)
(100442,239)
(11274,238)
(16362,236)
(64730,157)
(119146,177)
(98922,153)
(62842,47)
(124394,39)
(76794,212)
(1354,44)
(98010,171)
(138378,50)
(69066,129)
(27370,238)
(5882,195)
(89226,229)
(96426,14)
(92538,190)
(72138,120)
(50874,97)
(72618,237)
(10234,85)
(31850,120)
(98618,230)
(97066,108)
(49354,239)
(74138,84)
(115930,214)
(75994,230)
(28314,214)
(36474,58)
(109578,230)
(118122,229)
(110266,39)
(60122,70)
(5434,120)
(88010,237)
(92202,230)
(108282,24)
(59850,47)
(55674,215)
(44778,237)
(122682,238)
(57242,61)
(1002,111)
(26858,224)
(50954,229)
(101274,70)
(11466,191)
(123418,109)
(101034,120)
(127066,238)
(21114,194)
(36554,12)
(113338,214)
(52202,115)
(93162,38)
(15146,194)
(49610,109)
(108154,183)
(38682,129)
(88938,158)
(5018,24)
(60954,191)
(126730,182)
(131770,164)
(1242,180)
(18330,183)
(27578,194)
(116074,166)
(330,236)
(6826,218)
(36074,183)
(53514,180)
(111962,190)
(97994,236)
(70698,236)
(39002,123)
(45786,194)
(42058,120)
(10506,229)
(30346,231)
(55338,104)
(85658,145)
(123274,169)
(6378,70)
(57146,177)
(133562,193)
(96394,59)
(24250,195)
(77866,133)
(23578,217)
(42858,128)
(46874,182)
(117594,226)
(129146,230)
(123034,38)
(2570,179)
(133210,156)
(103930,120)
(89066,44)
(105898,14)
(108586,44)
(29610,169)
(113034,116)
(131402,237)
(53770,194)
(133802,181)
(8618,158)
(122282,224)
(131290,69)
(70106,57)
(137946,182)
(12730,85)
(54170,237)
(116298,74)
(77802,44)
(65674,193)
(58810,229)
(12570,86)
(71914,180)
(4906,129)
(103658,229)
(103194,39)
(73370,37)
(88378,120)
(137770,238)
(4330,187)
(53066,74)
(31194,236)
(39978,134)
(62810,86)
(100266,121)
(20074,218)
(102362,239)
(108490,14)
(36186,239)
(218,91)
(4026,14)
(27194,166)
(37882,48)
(48362,231)
(71594,180)
(134650,109)
(83226,44)
(120826,177)
(78218,237)
(31258,239)
(86058,144)
(2682,216)
(99722,129)
(16426,235)
(121578,71)
(16874,216)
(64362,238)
(39530,194)
(55610,72)
(13386,86)
(34746,237)
(75722,145)
(32378,217)
(54890,230)
(45466,98)
(117130,105)
(75498,237)
(82010,139)
(23018,158)
(109770,236)
(14218,195)
(31098,170)
(72026,182)
(46170,179)
(57082,36)
(29914,218)
(98122,27)
(37162,237)
(79450,180)
(116442,14)
(3034,190)
(134362,169)
(30650,95)
(79098,182)
(3242,179)
(12058,229)
(76922,228)
(64250,110)
(88522,98)
(39146,224)
(1738,84)
(24602,50)
(11690,179)
(33322,134)
(127690,153)
(23370,180)
(22570,170)
(54250,135)
(122378,12)
(106010,95)
(27994,158)
(1626,72)
(99546,236)
(25738,171)
(90602,72)
(25434,49)
(23530,206)
(86506,195)
(99226,190)
(128730,121)
(57514,194)
(66682,194)
(109898,230)
(46106,61)
(37610,192)
(65306,231)
(46026,120)
(4570,192)
(110746,167)
(46154,84)
(98474,61)
(110602,237)
(118778,170)
(48858,182)
(24122,201)
(32410,223)
(35882,204)
(46234,235)
(62554,226)
(90170,212)
(120746,164)
(53562,191)
(21706,120)
(12106,117)
(94746,239)
(120714,33)
(91226,212)
(90330,84)
(63178,169)
(24282,144)
(135818,229)
(68074,231)
(104218,24)
(132506,146)
(73226,238)
(39130,229)
(58490,182)
(118602,109)
(91354,226)
(73706,61)
(33562,60)
(72538,109)
(29146,120)
(56890,86)
(61770,193)
(29194,182)
(50730,195)
(57802,73)
(13290,228)
(91562,235)
(32010,216)
(67706,25)
(69914,99)
(78970,135)
(44746,146)
(3290,72)
(101802,25)
(106314,204)
(12826,48)
(81962,217)
(122234,216)
(45450,127)
(77946,207)
(40698,230)
(88394,37)
(86026,110)
(73738,213)
(410,86)
(22442,228)
(61258,45)
(47018,182)
(125018,121)
(62762,25)
(25402,180)
(123914,228)
(61290,177)
(1482,68)
(80602,129)
(72810,120)
(20154,195)
(70874,39)
(18682,128)
(73770,123)
(59050,182)
(62298,74)
(77914,183)
(111914,120)
(134714,229)
(92970,180)
(63658,134)
(27386,68)
(45914,170)
(89882,151)
(99690,189)
(60218,73)
(125274,60)
(29866,144)
(105466,68)
(22634,237)
(111322,237)
(14250,82)
(109802,169)
(17098,228)
(17130,70)
(39274,135)
(61082,218)
(110826,74)
(69626,228)
(35338,171)
(9546,67)
(63210,119)
(346,183)
(97034,79)
(25146,46)
(40378,206)
(29802,182)
(96058,107)
(50138,131)
(21242,230)
(83514,235)
(112250,146)
(122122,223)
(117610,195)
(121322,176)
(118922,190)
(36794,38)
(8778,115)
(111466,237)
(66378,216)
(74458,105)
(95706,85)
(112586,46)
(128970,238)
(5722,187)
(138090,180)
(123466,26)
(40682,214)
(130618,230)
(17434,96)
(25802,98)
(26202,12)
(9210,195)
(31706,194)
(92602,204)
(36762,14)
(16682,194)
(19626,14)
(72602,194)
(123114,182)
(20938,48)
(88634,230)
(13450,169)
(46266,224)
(19978,237)
(30570,127)
(71402,178)
(11786,74)
(19194,48)
(108346,132)
(26954,74)
(2266,106)
(86922,57)
(45482,238)
(138042,127)
(99658,19)
(114058,223)
(6154,225)
(89706,95)
(117690,39)
(38170,38)
(25610,166)
(39466,36)
(9930,93)
(108410,195)
(119450,84)
(2554,237)
(98746,228)
(80250,132)
(63322,104)
(25338,190)
(45514,59)
(108842,187)
(61866,46)
(20874,238)
(48106,217)
(13610,93)
(106186,158)
(118906,177)
(49962,158)
(32858,216)
(55898,38)
(99194,155)
(111946,212)
(136186,236)
(2090,216)
(40250,229)
(40714,95)
(82842,231)
(20698,229)
(33098,130)
(56554,237)
(65642,120)
(76714,212)
(9178,182)
(80058,238)
(44122,38)
(19274,49)
(82874,194)
(47562,163)
(72634,61)
(107194,145)
(97018,180)
(108266,216)
(8122,181)
(44986,237)
(34522,31)
(101338,181)
(106522,238)
(132298,216)
(13226,229)
(92330,43)
(86202,203)
(110682,193)
(115290,215)
(1770,62)
(92154,61)
(127242,237)
(23610,223)
(84938,157)
(125482,60)
(46730,47)
(67354,238)
(82282,190)
(43162,120)
(67402,216)
(123674,140)
(20522,127)
(32314,212)
(62730,49)
(134746,175)
(31786,38)
(42634,62)
(125210,145)
(602,21)
(128394,120)
(4874,231)
(34602,218)
(94698,238)
(37850,239)
(54954,35)
(11050,219)
(73178,13)
(83530,85)
(74122,26)
(102186,25)
(110506,237)
(101098,182)
(47770,131)
(29722,143)
(122554,230)
(70138,195)
(27706,120)
(52490,236)
(36618,170)
(13002,104)
(96234,237)
(53578,85)
(49082,146)
(79130,157)
(59962,193)
(22234,182)
(7130,58)
(5290,129)
(43866,228)
(11034,14)
(81914,85)
(31578,48)
(73450,218)
(44154,26)
(4378,225)
(106874,128)
(92522,225)
(71578,235)
(52730,48)
(112122,179)
(40874,127)
(10474,108)
(64522,182)
(110858,34)
(124202,98)
(31418,182)
(98106,231)
(71738,145)
(18298,98)
(56010,73)
(83610,72)
(48762,229)
(67866,182)
(78394,235)
(68122,236)
(75802,119)
(33450,32)
(93082,230)
(56090,215)
(69322,26)
(129578,225)
(126794,228)
(29034,107)
(103434,15)
(95466,134)
(107402,37)
(94794,238)
(134682,20)
(77722,21)
(77322,48)
(134234,191)
(59114,229)
(95274,187)
(90394,57)
(13962,133)
(18426,190)
(20890,182)
(74906,187)
(59626,158)
(34538,86)
(83034,110)
(96778,239)
(51834,155)
(74778,128)
(19290,15)
(28650,85)
(113002,177)
(116154,237)
(14074,19)
(124874,168)
(85434,39)
(91946,238)
(74938,19)
(92010,212)
(100426,224)
(64122,195)
(64330,223)
(100666,187)
(42650,57)
(120170,58)
(28842,165)
(64874,191)
(76346,239)
(62154,36)
(109994,237)
(53418,108)
(2218,86)
(136538,34)
(39098,109)
(73034,120)
(54298,71)
(79802,179)
(11914,228)
(108650,121)
(105706,239)
(7994,224)
(118890,145)
(39866,239)
(20954,236)
(117146,178)
(96874,212)
(128346,26)
(54762,151)
(78426,183)
(49146,34)
(83210,214)
(4154,217)
(40026,105)
(71290,131)
(93658,98)
(3098,223)
(29898,218)
(135034,169)
(105130,239)
(106922,37)
(101482,218)
(32090,212)
(2282,38)
(72218,229)
(19738,194)
(114618,166)
(100138,158)
(117194,151)
(134842,236)
(91114,51)
(111530,236)
(100794,97)
(129370,228)
(6362,193)
(78106,73)
(119706,218)
(69482,215)
(105930,180)
(33594,15)
(48154,224)
(2858,230)
(27514,14)
(116522,130)
(71818,96)
(94874,195)
(129738,163)
(4058,169)
(3594,229)
(14826,25)
(15482,214)
(72698,23)
(9338,13)
(116122,193)
(80538,239)
(106666,108)
(21754,151)
(60922,108)
(30282,48)
(46090,50)
(77354,83)
(111626,93)
(34554,111)
(71066,134)
(63354,170)
(99050,20)
(66298,194)
(35466,67)
(106074,170)
(96922,191)
(134762,145)
(111754,85)
(35034,83)
(20042,72)
(101898,81)
(5226,217)
(9194,238)
(186,226)
(58522,187)
(50346,224)
(106234,237)
(40186,36)
(122986,158)
(51482,22)
(113466,182)
(46922,179)
(54922,188)
(2810,24)
(85066,140)
(119226,48)
(126490,178)
(61738,12)
(74410,127)
(96906,129)
(48650,239)
(71658,188)
(66282,79)
(82986,177)
(26794,72)
(70778,133)
(4218,236)
(40746,183)
(127978,223)
(39018,118)
(66666,91)
(116314,73)
(100410,195)
(26874,109)
(113642,110)
(23594,218)
(78874,231)
(54618,145)
(116362,74)
(106954,70)
(36778,47)
(77498,85)
(101722,238)
(67914,195)
(83290,188)
(138362,230)
(117978,98)
(41050,91)
(75146,158)
(44346,46)
(128922,226)
(120634,190)
(121690,43)
(22330,235)
(18266,238)
(47482,134)
(4426,152)
(89162,175)
(110170,228)
(60314,157)
(22586,218)
(26506,223)
(63978,62)
(126394,55)
(107114,205)
(57786,237)
(76282,87)
(34762,143)
(8874,36)
(60426,236)
(133946,56)
(126042,127)
(43434,84)
(15002,179)
(135450,49)
(97386,237)
(77130,96)
(24954,81)
(56106,216)
(108666,229)
(119754,25)
(35130,181)
(82186,237)
(61482,236)
(101578,191)
(41546,133)
(55562,14)
(61130,229)
(83274,49)
(27178,237)
(34458,237)
(61690,194)
(1018,239)
(46938,225)
(114714,132)
(51274,106)
(28362,167)
(45834,212)
(55274,24)
(79898,238)
(22922,239)
(111834,189)
(126954,98)
(19594,212)
(30778,31)
(78490,36)
(90746,22)
(78282,237)
(99178,193)
(109498,132)
(69882,195)
(134906,110)
(16026,85)
(40794,190)
(33802,63)
(2794,94)
(19130,79)
(72330,35)
(54746,201)
(129882,69)
(54458,110)
(9770,122)
(96570,20)
(6682,229)
(10650,13)
(24090,86)
(113914,236)
(135290,47)
(11482,224)
(46074,67)
(53802,228)
(58602,132)
(79034,236)
(30666,236)
(32282,187)
(95626,168)
(3738,158)
(6906,84)
(7450,151)
(32586,205)
(67594,228)
(53962,218)
(10122,86)
(37834,73)
(11834,229)
(39626,63)
(65450,180)
(47706,34)
(36938,55)
(104554,170)
(123818,191)
(134826,224)
(110106,98)
(128890,115)
(32618,26)
(123626,116)
(92762,131)
(47306,121)
(86778,190)
(121386,70)
(123306,58)
(65706,226)
(22154,229)
(118234,38)
(5706,120)
(96890,43)
(105194,120)
(31050,120)
(108986,151)
(98586,79)
(91338,19)
(135226,131)
(89690,23)
(86858,217)
(109738,97)
(110298,195)
(102250,228)
(30938,181)
(20218,225)
(134554,237)
(43514,231)
(4922,238)
(78074,193)
(64906,238)
(11530,49)
(87338,128)
(135690,188)
(83114,24)
(34106,170)
(50458,121)
(34906,216)
(11434,49)
(71178,226)
(100106,182)
(100042,115)
(8906,51)
(97706,21)
(62906,86)
(16074,229)
(8218,127)
(14138,50)
(2506,216)
(36250,75)
(41978,189)
(67322,111)
(111786,38)
(98858,231)
(89738,237)
(6778,37)
(119322,195)
(2346,231)
(28218,179)
(15610,61)
(41082,145)
(121722,181)
(89306,230)
(82026,120)
(131418,13)
(91274,47)
(95450,230)
(8234,177)
(126122,127)
(60490,229)
(32842,191)
(128842,51)
(100586,183)
(38058,177)
(47690,127)
(108202,46)
(41018,86)
(63802,228)
(62682,230)
(118634,193)
(43578,187)
(45930,218)
(29482,188)
(81578,218)
(75834,239)
(128650,110)
(110634,123)
(25306,223)
(67994,176)
(14154,237)
(93274,168)
(38410,239)
(103770,143)
(91434,35)
(116714,103)
(129546,67)
(4106,79)
(38666,133)
(24986,12)
(37674,193)
(47098,182)
(44698,43)
(101226,236)
(51514,215)
(29018,153)
(44010,47)
(86810,223)
(22138,195)
(82106,117)
(56394,120)
(54410,193)
(114682,115)
(108570,25)
(135946,33)
(41194,135)
(62442,225)
(90138,92)
(111482,144)
(49546,48)
(131818,84)
(64602,194)
(66586,187)
(134186,168)
(60042,120)
(8426,75)
(61802,33)
(131578,229)
(93194,14)
(104458,236)
(71850,155)
(111226,144)
(71130,108)
(130906,181)
(23770,116)
(110458,146)
(17498,13)
(21818,86)
(37322,111)
(136506,110)
(60378,120)
(113418,82)
(58698,212)
(88138,96)
(41338,133)
(98522,142)
(33338,127)
(5082,235)
(128826,177)
(78906,74)
(21994,226)
(47818,49)
(10666,82)
(118378,158)
(10858,85)
(107770,182)
(15306,191)
(125146,195)
(71098,237)
(71322,236)
(109226,188)
(60410,134)
(29578,188)
(36138,237)
(121994,157)
(14938,229)
(123562,228)
(53530,109)
(72282,39)
(17178,105)
(94458,121)
(66234,120)
(129162,85)
(91498,111)
(63786,37)
(98186,36)
(44138,180)
(45978,127)
(134618,191)
(52458,236)
(63898,75)
(74154,168)
(84922,129)
(101562,231)
(124762,180)
(109466,236)
(30922,236)
(87498,190)
(35898,23)
(119994,59)
(73242,157)
(69738,231)
(16554,224)
(60570,231)
(118026,230)
(55050,239)
(111338,132)
(38010,86)
(16522,120)
(128282,216)
(7770,144)
(11562,22)
(126170,69)
(105402,49)
(66858,147)
(94218,218)
(136826,225)
(13626,22)
(79226,93)
(53818,63)
(132666,212)
(6602,183)
(123930,86)
(94682,193)
(106282,237)
(11066,229)
(48842,25)
(57738,212)
(100650,120)
(31546,130)
(66826,164)
(73882,48)
(120906,79)
(36986,195)
(5258,230)
(1066,236)
(18170,238)
(42282,229)
(119274,129)
(84986,235)
(100298,237)
(114906,45)
(81802,61)
(84250,183)
(46858,217)
(103098,146)
(132650,93)
(1290,168)
(110362,96)
(68138,229)
(56122,237)
(58586,236)
(53706,56)
(922,87)
(120922,38)
(87914,122)
(59882,229)
(90810,62)
(99962,193)
(35210,177)
(83834,228)
(51194,195)
(54154,60)
(79402,79)
(120762,239)
(71610,167)
(36266,119)
(60586,223)
(23210,37)
(48122,238)
(69802,151)
(3946,123)
(87802,129)
(58138,229)
(94858,194)
(96138,236)
(29210,49)
(26218,204)
(18922,195)
(83882,122)
(62778,97)
(56282,216)
(96026,191)
(114970,109)
(56026,168)
(59770,159)
(15322,146)
(55722,39)
(28106,183)
(21610,155)
(32650,238)
(15690,83)
(114650,169)
(59002,182)
(82586,116)
(86650,118)
(4810,228)
(40490,168)
(34970,91)
(1418,110)
(10106,128)
(132362,230)
(68954,238)
(135546,214)
(100506,164)
(85514,39)
(113050,116)
(17610,85)
(65546,190)
(128522,48)
(118938,214)
(136954,127)
(23850,230)
(2906,85)
(132058,182)
(60810,84)
(90314,236)
(2586,15)
(120138,15)
(116378,182)
(61706,237)
(113258,216)
(76330,94)
(85194,239)
(123482,104)
(10346,237)
(53210,106)
(43338,238)
(57066,226)
(24618,73)
(75546,239)
(858,21)
(123066,12)
(36026,50)
(23418,228)
(9642,238)
(1930,85)
(36698,133)
(48442,61)
(62010,238)
(50778,19)
(42474,194)
(112602,152)
(20202,80)
(17370,31)
(118314,158)
(111610,49)
(15770,72)
(65066,216)
(38346,215)
(133514,67)
(58154,120)
(19514,117)
(100682,121)
(127162,181)
(106,81)
(43482,230)
(62970,67)
(8010,75)
(8330,224)
(81786,182)
(25690,34)
(129322,239)
(69082,206)
(58794,218)
(83690,236)
(36922,229)
(56986,24)
(62330,24)
(95146,181)
(114282,85)
(28794,60)
(36042,50)
(101610,195)
(110442,86)
(14986,218)
(10986,224)
(23754,62)
(99130,229)
(34330,237)
(135738,142)
(22554,117)
(61450,230)
(7514,67)
(55930,239)
(78458,230)
(94362,103)
(27770,144)
(136170,193)
(124618,31)
(125994,86)
(97226,13)
(64746,169)
(85770,43)
(55146,239)
(7898,226)
(51546,218)
(9082,129)
(7082,229)
(39338,180)
(32298,21)
(25850,223)
(50602,194)
(56138,97)
(115946,146)
(80746,129)
(114842,226)
(26266,187)
(22250,195)
(44394,188)
(72570,119)
(22906,21)
(52474,74)
(1802,193)
(59402,158)
(59786,129)
(50010,98)
(112346,43)
(107386,195)
(2170,122)
(121626,25)
(102858,91)
(121402,218)
(9674,85)
(54442,12)
(64138,228)
(117818,238)
(105306,212)
(3690,238)
(72074,237)
(137258,189)
(116538,120)
(22666,80)
(121450,144)
(44186,195)
(32330,87)
(126650,134)
(134602,203)
(113402,239)
(105674,190)
(63114,191)
(100474,229)
(118746,56)
(22810,231)
(120778,165)
(58314,116)
(10570,32)
(54058,68)
(87226,122)
(84330,47)
(27162,12)
(92874,163)
(94282,182)
(44826,73)
(120426,228)
(50218,85)
(31162,194)
(62026,217)
(104154,127)
(23818,212)
(26394,176)
(111562,178)
(120074,229)
(47338,229)
(15258,63)
(61850,129)
(2538,26)
(68058,183)
(104794,229)
(80346,236)
(106058,67)
(92186,238)
(105034,50)
(22186,168)
(49002,236)
(7674,225)
(120794,60)
(19914,83)
(68986,229)
(94986,237)
(94810,127)
(71258,87)
(120186,62)
(8826,229)
(81994,111)
(126138,230)
(51450,217)
(23482,71)
(109194,120)
(77770,195)
(41866,230)
(60234,121)
(120938,230)
(53466,56)
(124250,214)
(2890,239)
(8314,239)
(96154,120)
(92570,135)
(2058,231)
(133674,26)
(52266,229)
(122602,24)
(85626,96)
(126010,158)
(3770,111)
(21866,214)
(70090,191)
(109866,237)
(129898,145)
(130298,71)
(137930,144)
(36826,24)
(88074,193)
(14426,181)
(96842,31)
(66074,82)
(109690,178)
(102378,216)
(132042,68)
(25882,45)
(44426,176)
(46314,72)
(78410,50)
(73306,122)
(36810,207)
(97562,239)
(73898,116)
(73114,182)
(126538,144)
(53082,223)
(60474,236)
(115370,236)
(75194,212)
(1786,96)
(49450,70)
(95994,45)
(67018,213)
(126378,122)
(100250,115)
(106858,84)
(56250,191)
(19338,228)
(117082,157)
(36058,217)
(125754,36)
(89050,110)
(107546,157)
(11402,236)
(50794,33)
(45754,146)
(69754,230)
(17898,83)
(122250,73)
(14282,181)
(103130,230)
(37514,216)
(51178,217)
(42250,179)
(51018,180)
(73802,163)
(88042,85)
(138474,166)
(108682,229)
(45050,237)
(77962,238)
(63466,231)
(128682,120)
(105610,104)
(73562,194)
(18442,235)
(29178,182)
(96538,189)
(77594,74)
(121674,122)
(16938,74)
(86890,224)
(67114,36)
(107050,230)
(37194,226)
(31594,27)
(132778,170)
(130330,143)
(14234,182)
(131754,182)
(131066,60)
(118058,239)
(122698,127)
(111722,156)
(50938,115)
(127514,14)
(134922,13)
(86666,34)
(68442,110)
(87482,239)
(101882,12)
(126842,84)
(2874,21)
(69642,110)
(129690,218)
(27274,60)
(66042,239)
(44634,238)
(29658,38)
(109834,236)
(77178,180)
(54218,24)
(42170,193)
(79354,171)
(73690,32)
(109146,171)
(61546,159)
(135082,189)
(124026,86)
(101546,23)
(8714,164)
(19450,97)
(123018,235)
(27258,236)
(126202,94)
(25322,14)
(77306,130)
(59802,98)
(136234,223)
(134170,87)
(39914,204)
(11098,121)
(131034,145)
(67978,237)
(68378,194)
(83850,189)
(95210,238)
(106138,166)
(70202,164)
(25034,33)
(17258,237)
(27594,182)
(123050,190)
(70922,235)
(33194,153)
(87962,188)
(130218,171)
(81466,170)
(102506,131)
(23354,92)
(34954,15)
(45098,43)
(70730,239)
(50618,207)
(12266,34)
(43850,236)
(68010,180)
(120570,56)
(87818,166)
(10090,37)
(72906,206)
(108810,180)
(135978,98)
(100170,182)
(38842,121)
(47146,218)
(44730,132)
(86010,14)
(26330,225)
(137386,97)
(118186,13)
(18314,215)
(41882,165)
(60250,122)
(65338,181)
(124218,217)
(9706,213)
(32394,157)
(70762,116)
(47402,237)
(53546,179)
(37178,191)
(4394,195)
(52074,129)
(126682,72)
(71498,44)
(110490,178)
(24202,225)
(98714,69)
(101178,14)
(62234,61)
(109594,178)
(18074,178)
(129770,79)
(56314,131)
(1178,235)
(73386,60)
(89642,62)
(35594,84)
(66922,97)
(103786,94)
(111130,130)
(104298,194)
(109114,146)
(19642,178)
(51322,109)
(45882,178)
(126666,180)
(82218,120)
(115738,188)
(134378,147)
(52794,108)
(5370,50)
(47050,13)
(14170,195)
(38794,168)
(74794,120)
(55002,182)
(127274,85)
(21306,218)
(49114,182)
(77034,229)
(90906,236)
(102314,228)
(59034,223)
(131194,237)
(87114,85)
(34474,118)
(119610,108)
(119178,122)
(63914,63)
(3226,62)
(31562,228)
(39194,177)
(97114,218)
(136138,122)
(54314,216)
(44490,229)
(43674,236)
(60746,130)
(115626,25)
(28986,236)
(80682,44)
(135354,191)
(378,146)
(93242,140)
(131850,231)
(25098,171)
(26,239)
(48970,120)
(105658,27)
(49882,141)
(18506,163)
(76090,235)
(5674,218)
(27098,96)
(63546,14)
(112762,37)
(105994,181)
(115770,175)
(127354,87)
(114122,72)
(114330,237)
(137754,13)
(130010,181)
(73754,178)
(111706,61)
(50378,59)
(68298,217)
(88970,195)
(634,190)
(32202,216)
(7866,166)
(16778,83)
(11882,38)
(88922,216)
(6698,67)
(113130,44)
(37546,144)
(106730,187)
(125338,170)
(57482,228)
(110874,183)
(112202,218)
(9610,61)
(131706,61)
(129066,228)
(110922,182)
(93322,231)
(43402,169)
(7242,134)
(38762,45)
(59482,236)
(101914,176)
(65050,226)
(88506,224)
(5658,226)
(27498,145)
(94186,166)
(106298,115)
(135514,182)
(36362,15)
(39322,171)
(77210,108)
(6458,228)
(27450,60)
(72554,135)
(61018,165)
(86074,128)
(107210,120)
(65802,195)
(108378,216)
(36538,115)
(132762,212)
(91082,230)
(57338,231)
(124170,190)
(132122,176)
(66778,110)
(56346,49)
(71754,170)
(47786,97)
(56826,132)
(762,231)
(28042,152)
(20906,146)
(61530,235)
(31802,175)
(115322,189)
(46746,226)
(57930,86)
(58010,141)
(81866,237)
(108090,228)
(109130,237)
(111162,74)
(135962,146)
(127674,239)
(16730,73)
(108250,56)
(91978,217)
(135754,141)
(50586,62)
(51866,61)
(7642,239)
(54570,239)
(94010,236)
(118282,223)
(54122,238)
(39834,230)
(15978,214)
(23626,169)
(48602,231)
(24522,178)
(75242,115)
(35562,127)
(114362,215)
(90378,191)
(122794,127)
(105354,231)
(130650,46)
(92026,121)
(49834,47)
(13738,182)
(18010,36)
(13914,191)
(113562,223)
(69290,20)
(130970,237)
(74362,44)
(74986,238)
(114778,123)
(135386,118)
(76458,239)
(134970,203)
(112682,146)
(125674,238)
(60506,159)
(105690,206)
(28586,170)
(106554,183)
(122394,94)
(16122,48)
(106122,229)
(54010,229)
(88474,223)
(118410,229)
(50394,237)
(101754,86)
(127034,231)
(71674,237)
(89482,236)
(32746,25)
(82666,238)
(33706,110)
(76826,120)
(112362,121)
(83578,224)
(24266,45)
(40058,146)
(37738,133)
(119354,120)
(98330,24)
(13562,143)
(127546,181)
(110042,115)
(134954,168)
(19498,144)
(68234,27)
(18474,120)
(98490,71)
(135882,158)
(105066,72)
(58890,73)
(112538,50)
(22602,99)
(31370,239)
(107722,179)
(133610,223)
(79322,223)
(115434,14)
(66714,238)
(28266,25)
(115354,204)
(113066,218)
(58538,108)
(11370,82)
(63130,228)
(122474,134)
(107642,130)
(88602,239)
(96282,231)
(83642,236)
(8170,43)
(117802,216)
(73834,229)
(2106,157)
(84906,239)
(22490,192)
(51162,142)
(111674,218)
(71994,230)
(87002,59)
(107082,177)
(70458,195)
(82042,223)
(138330,171)
(125834,193)
(26682,230)
(10522,109)
(85242,46)
(8922,177)
(114442,166)
(32042,44)
(123386,143)
(38074,195)
(7162,24)
(121946,180)
(100746,140)
(2826,50)
(63082,239)
(85466,34)
(91850,123)
(34266,182)
(115722,236)
(102458,133)
(116810,49)
(91914,183)
(130762,121)
(26890,122)
(73258,72)
(83146,177)
(7690,239)
(60890,50)
(105626,57)
(101818,74)
(110794,36)
(125258,70)
(67610,238)
(15818,229)
(130938,122)
(11802,231)
(137658,36)
(33210,229)
(45082,49)
(67738,225)
(132730,212)
(13946,157)
(38522,225)
(63306,13)
(67722,166)
(48954,156)
(31290,237)
(61162,73)
(81002,228)
(71450,182)
(91962,237)
(95434,21)
(116090,216)
(83626,230)
(113018,97)
(134586,224)
(50650,37)
(74698,50)
(63850,238)
(91546,132)
(36010,50)
(95930,119)
(47002,225)
(72842,98)
(72794,178)
(111098,236)
(4490,129)
(61274,62)
(39290,25)
(67178,178)
(35722,231)
(28970,238)
(75434,82)
(65866,15)
(94602,133)
(45146,182)
(115418,110)
(89834,82)
(12170,194)
(46650,195)
(95514,170)
(91994,121)
(81306,13)
(94842,141)
(69114,119)
(105642,178)
(22714,239)
(2522,98)
(130202,68)
(44506,216)
(63706,177)
(117354,238)
(63610,228)
(3626,229)
(40906,115)
(111370,229)
(81034,85)
(117338,36)
(14298,225)
(112570,235)
(26698,214)
(130570,193)
(8458,237)
(93226,193)
(122938,191)
(45594,109)
(80330,153)
(20634,215)
(1194,182)
(50890,84)
(136314,231)
(73322,216)
(67962,218)
(33226,110)
(49050,170)
(64970,236)
(87690,168)
(76634,31)
(107962,168)
(66138,236)
(56522,109)
(128874,134)
(57450,62)
(10682,237)
(39114,99)
(132746,71)
(7002,235)
(119978,145)
(130858,133)
(69498,94)
(28890,84)
(110122,230)
(51818,193)
(73482,189)
(87050,212)
(4890,229)
(49818,81)
(137130,93)
(39386,170)
(14682,177)
(129258,218)
(137546,86)
(121818,72)
(81338,13)
(33738,122)
(67370,187)
(61322,223)
(25594,105)
(87658,191)
(88666,84)
(18714,217)
(15850,110)
(47418,110)
(85146,109)
(127418,62)
(31770,109)
(2010,71)
(14458,96)
(43498,229)
(9498,49)
(90778,236)
(97658,58)
(123002,235)
(124522,183)
(114410,216)
(5802,187)
(131258,145)
(53146,57)
(106970,32)
(131866,225)
(74746,182)
(48826,229)
(111290,146)
(91386,108)
(53162,226)
(45770,230)
(76410,50)
(93882,45)
(51898,187)
(13882,182)
(7658,120)
(49386,151)
(14362,217)
(62570,74)
(114730,128)
(80938,142)
(16282,228)
(44362,72)
(1386,195)
(53834,56)
(113978,92)
(29354,48)
(39706,182)
(83082,231)
(56970,239)
(87178,147)
(55882,170)
(7930,129)
(104842,229)
(52826,179)
(86618,181)
(88618,223)
(6042,48)
(6298,85)
(17162,223)
(20986,239)
(79162,61)
(119498,158)
(49434,179)
(95402,218)
(15866,225)
(76666,231)
(2634,71)
(57034,134)
(116186,229)
(52378,74)
(117626,36)
(62202,229)
(50986,67)
(128634,36)
(8570,152)
(28474,79)
(77434,61)
(106890,195)
(55994,214)
(99258,236)
(117962,61)
(24458,238)
(89818,144)
(115610,229)
(29626,182)
(36954,67)
(76362,106)
(133322,239)
(14538,62)
(45418,115)
(31354,84)
(53370,74)
(46522,15)
(7818,103)
(135898,121)
(127322,191)
(72106,163)
(47498,86)
(62538,58)
(134442,146)
(72458,123)
(44842,239)
(109306,212)
(9818,230)
(62042,158)
(28714,223)
(26602,120)
(27914,23)
(113162,231)
(85418,237)
(133082,111)
(95850,193)
(116778,71)
(137306,85)
(120490,204)
(103546,219)
(100842,223)
(119242,109)
(10714,62)
(38090,183)
(26346,238)
(52362,236)
(45002,237)
(80874,72)
(91450,143)
(2378,181)
(55290,26)
(99498,223)
(12986,236)
(25018,132)
(75418,146)
(138410,238)
(93770,68)
(66218,139)
(83306,239)
(111450,85)
(80218,60)
(111354,80)
(91178,237)
(74890,85)
(32938,38)
(136122,85)
(138010,239)
(98682,48)
(35290,21)
(101402,170)
(59146,128)
(69178,230)
(128330,171)
(104330,131)
(43354,44)
(83962,146)
(4538,237)
(63034,44)
(122762,215)
(13802,27)
(115914,48)
(48138,14)
(51098,156)
(88026,238)
(17514,168)
(121002,97)
(135786,72)
(122650,94)
(12250,128)
(28826,99)
(75274,218)
(82250,118)
(127818,224)
(15338,73)
(6122,19)
(119418,205)
(21738,133)
(61786,153)
(78698,225)
(34682,170)
(27786,170)
(72522,175)
(4746,37)
(64666,229)
(57274,49)
(40570,123)
(14858,134)
(3754,213)
(17578,103)
(38122,231)
(44042,27)
(96298,46)
(85274,108)
(132810,239)
(111082,145)
(76474,237)
(105386,43)
(110026,98)
(15578,26)
(41066,169)
(60714,140)
(18618,152)
(103754,109)
(110650,85)
(28922,193)
(63450,229)
(8378,117)
(120218,217)
(21130,87)
(58266,235)
(65482,182)
(92218,61)
(132906,193)
(32666,171)
(8666,128)
(26106,50)
(37866,105)
(87130,229)
(131130,163)
(135018,71)
(105226,218)
(125706,24)
(64954,213)
(72586,61)
(51786,111)
(69706,26)
(107674,157)
(110986,109)
(126106,228)
(104634,83)
(51722,195)
(45066,38)
(49802,229)
(76890,107)
(42762,93)
(44314,158)
(87674,235)
(28874,229)
(65834,239)
(112154,218)
(10938,182)
(9898,48)
(98378,94)
(1706,193)
(17146,226)
(32458,169)
(82554,81)
(62250,228)
(126698,45)
(37786,195)
(78602,158)
(3354,50)
(91834,218)
(128186,205)
(131562,228)
(93514,119)
(102266,86)
(90986,22)
(118586,238)
(102666,177)
(110762,182)
(69418,73)
(130778,239)
(61930,207)
(26778,74)
(127786,229)
(69834,226)
(111658,228)
(24874,195)
(6522,190)
(44570,139)
(107146,25)
(77450,181)
(15722,193)
(3530,127)
(33530,15)
(12378,229)
(36602,50)
(59866,82)
(124474,108)
(7738,61)
(88122,110)
(104394,26)
(42810,121)
(20682,239)
(134154,106)
(80586,216)
(88986,36)
(76122,218)
(117530,189)
(8842,236)
(70394,154)
(68682,109)
(83994,193)
(127402,13)
(93578,22)
(51738,195)
(122522,178)
(115578,168)
(28346,127)
(132010,133)
(62922,151)
(31210,179)
(117162,168)
(91194,212)
(23082,218)
(42026,181)
(5530,238)
(10282,229)
(40634,237)
(103418,98)
(21178,237)
(49066,92)
(109882,106)
(76650,99)
(40138,229)
(99898,228)
(79482,193)
(82794,45)
(93050,223)
(88538,230)
(24570,178)
(132890,219)
(104138,183)
(104938,187)
(103674,109)
(120234,60)
(47674,236)
(55130,24)
(51338,179)
(121034,195)
(129306,168)
(12602,170)
(84442,44)
(72058,130)
(2474,12)
(7562,116)
(94122,26)
(57658,70)
(131882,111)
(9114,134)
(109338,182)
(1578,218)
(124362,165)
(91050,195)
(15706,128)
(19114,107)
(30746,239)
(24058,62)
(4314,86)
(108074,182)
(19434,159)
(128794,191)
(85386,144)
(134122,143)
(51210,169)
(59434,134)
(88810,180)
(114202,51)
(58394,106)
(47594,14)
(112522,177)
(47642,72)
(65930,235)
(106634,109)
(74314,238)
(116266,121)
(133130,216)
(103962,230)
(41818,109)
(5194,231)
(38730,39)
(66330,132)
(61386,195)
(77114,180)
(70586,216)
(92954,180)
(120986,80)
(44410,228)
(43738,130)
(43546,47)
(60170,238)
(49322,134)
(58090,228)
(102058,178)
(127530,27)
(41130,14)
(127098,31)
(123290,56)
(13194,217)
(125914,236)
(38874,119)
(124666,152)
(80170,231)
(93386,37)
(52890,80)
(27626,239)
(48746,74)
(106362,182)
(37306,139)
(53914,115)
(76186,37)
(83658,129)
(9402,195)
(46762,229)
(4042,118)
(117002,121)
(82826,98)
(68554,188)
(85674,238)
(89626,62)
(108426,104)
(5242,19)
(135162,134)
(119946,70)
(18842,116)
(54794,35)
(95418,45)
(17482,104)
(99210,13)
(11930,111)
(110474,36)
(11866,163)
(47370,25)
(75594,170)
(64682,195)
(50842,176)
(132458,228)
(62506,183)
(60986,170)
(28938,239)
(126474,97)
(80794,177)
(128154,236)
(14842,59)
(70234,24)
(76506,223)
(12650,218)
(14266,226)
(30410,98)
(55498,108)
(746,132)
(15082,12)
(43274,91)
(77258,156)
(64922,127)
(938,177)
(23130,46)
(53866,239)
(78250,183)
(54874,187)
(97770,96)
(82090,238)
(107418,239)
(22858,190)
(134874,237)
(133930,169)
(7370,92)
(14058,110)
(66266,169)
(82602,187)
(86570,46)
(110586,238)
(100186,236)
(97546,237)
(28138,166)
(61978,73)
(66426,230)
(67882,83)
(48474,45)
(126890,231)
(57178,237)
(14026,183)
(98890,118)
(136250,239)
(58330,164)
(38890,182)
(77530,224)
(79002,228)
(77818,59)
(115082,183)
(38634,31)
(7722,237)
(7178,166)
(63690,239)
(84426,144)
(65738,224)
(77370,216)
(102634,180)
(57898,56)
(84314,120)
(26554,123)
(132714,120)
(131690,229)
(119866,60)
(27882,128)
(129226,59)
(100858,229)
(38426,223)
(97434,74)
(55482,237)
(50298,141)
(45562,231)
(99370,237)
(101466,108)
(13514,231)
(136874,86)
(810,177)
(25498,48)
(45258,182)
(100730,143)
(76682,26)
(108938,157)
(1882,43)
(2778,230)
(97306,46)
(43002,167)
(53002,143)
(116922,187)
(110218,144)
(41786,94)
(77098,32)
(113114,105)
(24762,183)
(110394,38)
(39034,85)
(112218,205)
(36682,139)
(118330,182)
(64570,238)
(115834,92)
(84682,13)
(90826,103)
(6314,96)
(67034,98)
(6282,115)
(103370,156)
(118138,106)
(129946,236)
(38442,228)
(54714,13)
(38282,108)
(106618,83)
(106906,144)
(107098,85)
(41466,21)
(57386,231)
(6714,110)
(19242,191)
(120026,180)
(65386,238)
(56954,129)
(80810,46)
(43962,179)
(77290,134)
(81754,99)
(133290,129)
(30490,217)
(55242,96)
(76202,36)
(117786,170)
(13338,47)
(137002,180)
(113178,230)
(1402,236)
(111146,155)
(117738,45)
(90042,180)
(64186,14)
(119626,134)
(120618,48)
(16506,231)
(69786,95)
(17402,193)
(29402,177)
(13674,154)
(36298,108)
(122858,38)
(95338,86)
(71018,226)
(103050,74)
(43610,195)
(120650,228)
(133258,109)
(37434,235)
(45530,217)
(48986,217)
(10298,13)
(60298,223)
(108010,15)
(56330,230)
(64378,31)
(137418,141)
(129098,169)
(31914,60)
(84090,62)
(26362,74)
(78266,169)
(70554,120)
(12762,109)
(26010,142)
(84298,56)
(51130,86)
(33834,86)
(72202,111)
(94042,38)
(79866,156)
(28570,223)
(61066,217)
(89754,116)
(40042,170)
(75946,96)
(96490,121)
(84874,157)
(13498,56)
(16138,190)
(20490,180)
(120554,239)
(130490,62)
(125290,238)
(1210,191)
(23338,120)
(73338,146)
(22826,181)
(29066,151)
(73466,238)
(116602,87)
(45738,38)
(5114,117)
(88282,170)
(128122,229)
(26490,182)
(22346,85)
(26746,187)
(83498,128)
(650,128)
(104058,187)
(91002,180)
(17450,225)
(32266,193)
(122490,82)
(37818,193)
(81402,211)
(80186,61)
(8762,73)
(41690,133)
(76170,216)
(108970,48)
(56042,60)
(92986,180)
(79146,238)
(76810,223)
(116570,15)
(134106,237)
(112874,110)
(54938,192)
(100970,62)
(127594,14)
(85610,57)
(86282,231)
(108138,230)
(18634,109)
(98202,121)
(97130,226)
(122458,193)
(50026,224)
(109914,120)
(36442,96)
(53194,182)
(63402,121)
(96682,117)
(3114,195)
(125178,121)
(35306,21)
(127306,50)
(23242,236)
(123498,179)
(76586,133)
(124602,177)
(125002,145)
(17946,182)
(39882,194)
(49418,191)
(102202,189)
(71338,75)
(90922,83)
(107818,228)
(104346,85)
(48890,12)
(53642,141)
(131370,194)
(72298,217)
(137626,73)
(102394,26)
(131642,117)
(84506,170)
(25914,168)
(29114,145)
(97786,31)
(40890,170)
(55082,109)
(98442,177)
(9994,36)
(92474,15)
(40810,236)
(20730,181)
(28746,12)
(64762,157)
(98938,23)
(51066,230)
(7626,133)
(121738,237)
(13050,72)
(30586,116)
(58858,49)
(131178,228)
(89210,237)
(91530,238)
(104714,134)
(101258,230)
(3578,55)
(63162,44)
(47466,120)
(48586,144)
(74554,193)
(18154,177)
(68458,118)
(23914,193)
(103690,179)
(79610,182)
(23690,80)
(82778,50)
(490,216)
(11738,229)
(58362,145)
(96410,167)
(26442,187)
(20186,127)
(60874,20)
(82682,230)
(21898,139)
(27306,199)
(64538,73)
(128170,115)
(90458,37)
(81178,121)
(81770,180)
(52986,236)
(69194,84)
(63066,223)
(117114,96)
(82474,223)
(54378,190)
(106218,86)
(86314,182)
(80922,131)
(99578,230)
(121514,191)
(125850,183)
(114234,83)
(66650,191)
(30874,15)
(100218,19)
(64266,152)
(79466,206)
(8026,62)
(20346,37)
(87898,115)
(50666,129)
(116938,238)
(43066,229)
(15466,122)
(31402,239)
(104874,224)
(12698,239)
(93978,228)
(24186,62)
(45802,24)
(63018,98)
(67306,218)
(12810,237)
(15946,69)
(7754,23)
(78122,182)
(28394,82)
(84714,168)
(11514,38)
(33418,85)
(24634,230)
(115386,230)
(134938,86)
(30714,50)
(123898,238)
(5834,175)
(62586,105)
(1962,38)
(35530,180)
(47034,178)
(133978,15)
(51050,14)
(92634,61)
(102970,229)
(17338,56)
(4970,60)
(80522,171)
(28010,218)
(82618,82)
(7578,122)
(48282,34)
(9450,182)
(87706,169)
(64058,127)
(33114,170)
(117674,236)
(22778,50)
(58202,58)
(80954,120)
(103002,194)
(96522,134)
(99610,144)
(51594,214)
(69514,86)
(72778,25)
(105162,238)
(114874,224)
(124010,228)
(126442,155)
(124970,83)
(136810,70)
(48778,176)
(102906,95)
(87210,92)
(115402,120)
(103322,229)
(80634,191)
(25834,120)
(83130,223)
(65466,225)
(131530,85)
(91146,84)
(111066,228)
(3450,121)
(9146,218)
(48090,49)
(7850,189)
(78714,120)
(99322,33)
(45498,47)
(39642,190)
(126922,229)
(61514,51)
(64826,60)
(113818,212)
(88682,70)
(28250,117)
(110618,194)
(12186,109)
(103146,73)
(95754,109)
(7338,187)
(134474,202)
(116170,105)
(106170,92)
(93434,127)
(40234,34)
(105530,110)
(99114,202)
(93594,26)
(117386,195)
(84394,97)
(133786,228)
(10154,109)
(35514,127)
(75370,130)
(43770,50)
(50106,230)
(96586,108)
(105146,239)
(21434,216)
(59578,238)
(88794,238)
(81658,60)
(132266,91)
(104650,24)
(8890,231)
(137338,169)
(100234,230)
(41210,60)
(114394,22)
(50170,193)
(25546,231)
(12234,180)
(65098,223)
(73098,85)
(21962,228)
(77930,130)
(90202,163)
(90714,48)
(122218,169)
(100554,236)
(110554,217)
(41146,21)
(42458,237)
(47210,231)
(6090,194)
(37098,177)
(46794,170)
(458,144)
(137594,144)
(89194,85)
(20090,237)
(56362,33)
(17722,178)
(74922,93)
(112554,177)
(12138,229)
(131098,187)
(80282,231)
(88714,169)
(13082,194)
(111994,190)
(130602,190)
(132522,225)
(16570,191)
(78042,106)
(26282,218)
(14346,133)
(96346,127)
(16346,230)
(27082,48)
(137178,216)
(110410,238)
(120506,133)
(114170,164)
(116106,80)
(125546,141)
(110778,91)
(79994,55)
(3850,193)
(102410,49)
(125306,105)
(442,55)
(81930,177)
(102650,155)
(126778,79)
(16010,238)
(24890,122)
(78938,216)
(120874,225)
(129290,223)
(48922,183)
(31882,195)
(34426,84)
(60442,180)
(6394,108)
(8410,20)
(16042,80)
(122154,158)
(119722,141)
(60778,71)
(128026,225)
(16202,189)
(31322,228)
(92794,91)
(60698,238)
(89962,167)
(39242,109)
(22874,22)
(104490,178)
(11546,170)
(15018,115)
(10362,21)
(58218,171)
(76234,15)
(13818,83)
(55402,230)
(97626,118)
(57354,166)
(129242,147)
(24362,189)
(57130,57)
(79562,207)
(103722,229)
(19834,157)
(98362,206)
(23786,119)
(49946,111)
(67530,163)
(51930,238)
(75610,48)
(25930,104)
(86154,237)
(51562,193)
(37642,191)
(22314,216)
(6858,55)
(114010,79)
(21802,218)
(92346,163)
(94250,98)
(91418,96)
(22042,225)
(103706,229)
(117546,74)
(127130,193)
(136890,170)
(9738,132)
(52410,39)
(76426,235)
(63994,58)
(15962,22)
(91578,182)
(51146,225)
(20586,120)
(39050,51)
(25754,38)
(103562,73)
(33066,182)
(98778,135)
(30842,108)
(17530,157)
(5034,132)
(130186,110)
(120090,230)
(63098,74)
(117898,195)
(30602,216)
(93130,106)
(12282,190)
(10378,236)
(66010,59)
(34186,236)
(9962,56)
(14378,236)
(8074,128)
(27658,121)
(44586,180)
(12218,134)
(60730,97)
(21370,183)
(55034,86)
(55802,69)
(121882,46)
(37274,239)
(1466,195)
(102554,116)
(76938,195)
(28026,177)
(133962,123)
(43786,171)
(35578,36)
(50090,195)
(92698,195)
(132842,176)
(104954,195)
(113386,129)
(42234,237)
(34394,180)
(85642,226)
(82394,181)
(24586,25)
(36234,48)
(124714,50)
(43530,62)
(16906,59)
(126522,13)
(43818,238)
(42874,228)
(8810,135)
(64090,24)
(129818,236)
(103530,39)
(126090,74)
(6538,170)
(9274,92)
(61146,230)
(62074,170)
(73498,72)
(37114,22)
(17306,120)
(22954,146)
(27322,133)
(38458,239)
(23290,229)
(21466,191)
(52682,177)
(16842,59)
(39674,179)
(119290,36)
(55306,12)
(5754,75)
(42922,237)
(118442,105)
(121018,72)
(134074,230)
(70666,178)
(97834,84)
(98842,26)
(135610,132)
(35434,194)
(96442,38)
(62826,49)
(13242,180)
(113146,231)
(88426,62)
(133306,181)
(46554,182)
(72362,182)
(99434,236)
(14010,236)
(44922,191)
(86250,61)
(29818,238)
(52666,61)
(51994,109)
(84586,217)
(9530,195)
(5850,87)
(119802,43)
(10330,228)
(131978,228)
(108698,192)
(66458,111)
(77562,214)
(109546,175)
(74826,132)
(130122,224)
(34890,218)
(80890,195)
(129418,85)
(115962,194)
(37226,158)
(123370,37)
(70042,182)
(72666,224)
(35770,128)
(114138,191)
(91210,229)
(134202,129)
(21226,181)
(36170,228)
(22538,63)
(83018,129)
(49274,142)
(94490,236)
(101290,86)
(113370,229)
(20122,181)
(115114,238)
(89290,157)
(56426,223)
(79418,134)
(130314,97)
(94170,195)
(7962,237)
(100874,182)
(130890,23)
(19898,239)
(68938,230)
(75754,97)
(99354,236)
(52938,145)
(91482,153)
(45402,49)
(29930,116)
(30122,229)
(3018,61)
(41482,212)
(57018,79)
(59450,48)
(23306,84)
(44906,190)
(98698,70)
(117770,237)
(131210,72)
(127994,237)
(101498,120)
(39754,13)
(19466,31)
(14090,180)
(68410,27)
(101146,24)
(29978,182)
(45962,108)
(22394,164)
(89146,119)
(106586,217)
(94474,230)
(86346,170)
(103594,238)
(107658,188)
(105882,193)
(133386,44)
(122170,69)
(75130,225)
(136778,228)
(1850,194)
(87754,59)
(130058,105)
(16666,194)
(36858,81)
(40010,230)
(56170,170)
(80074,62)
(131226,229)
(18954,235)
(87546,156)
(126762,157)
(65610,123)
(116202,169)
(72314,193)
(42826,182)
(7322,72)
(19306,133)
(126330,229)
(54186,238)
(136410,214)
(32106,229)
(59178,21)
(23834,228)
(81850,56)
(119850,49)
(97258,151)
(121866,239)
(98138,36)
(70970,74)
(131354,207)
(135466,223)
(30154,144)
(43834,238)
(137978,211)
(298,177)
(79834,216)
(5930,12)
(90682,229)
(4266,181)
(49738,61)
(33242,212)
(128362,224)
(126826,237)
(21482,224)
(42426,14)
(25962,127)
(74218,122)
(30426,105)
(86794,106)
(95194,191)
(87418,84)
(33034,181)
(57946,74)
(117498,120)
(71274,139)
(128042,187)
(93066,218)
(34378,133)
(106458,123)
(15914,48)
(31242,187)
(38474,81)
(51850,156)
(134986,237)
(35082,134)
(59930,235)
(73642,62)
(44810,181)
(66346,195)
(30954,61)
(104506,181)
(1898,32)
(20410,56)
(128506,120)
(123850,120)
(24794,177)
(73274,108)
(121546,74)
(131002,177)
(68922,71)
(95834,236)
(48234,62)
(10794,132)
(15834,110)
(34938,70)
(16954,236)
(114154,238)
(127338,231)
(96010,23)
(33914,223)
(130442,142)
(70298,230)
(68730,134)
(35274,85)
(21290,146)
(70170,80)
(88234,15)
(117178,86)
(77706,228)
(89450,83)
(14698,215)
(60394,95)
(133882,228)
(69898,235)
(94906,178)
(87626,134)
(127434,130)
(50970,158)
(77050,179)
(119930,48)
(39434,120)
(61834,236)
(123098,105)
(51658,206)
(906,170)
(8602,151)
(62458,122)
(127834,121)
(3914,87)
(89674,217)
(111898,37)
(117722,94)
(123242,109)
(25418,190)
(41306,226)
(61194,129)
(51882,228)
(27354,44)
(91466,44)
(94346,189)
(73626,98)
(112970,107)
(83066,193)
(73594,72)
(26042,72)
(34410,231)
(136026,39)
(22762,70)
(38714,154)
(53290,97)
(128410,13)
(63642,191)
(134698,228)
(55386,50)
(79946,134)
(132698,94)
(73610,183)
(92666,155)
(65274,237)
(18522,131)
(88778,91)
(81386,57)
(90762,46)
(124906,183)
(111882,38)
(32698,237)
(101930,216)
(63946,229)
(119306,235)
(36346,238)
(30794,235)
(59290,239)
(26906,85)
(31834,34)
(47914,181)
(39658,133)
(7258,56)
(133818,135)
(100906,73)
(137818,49)
(113674,95)
(29546,235)
(60762,153)
(73018,194)
(75034,123)
(24010,181)
(79882,79)
(58298,238)
(118970,128)
(15226,217)
(52010,224)
(120362,140)
(111978,49)
(125354,238)
(85562,181)
(7226,182)
(3370,236)
(74234,177)
(128314,239)
(101962,187)
(46682,120)
(42618,226)
(34922,237)
(117434,97)
(7466,60)
(128202,55)
(57290,72)
(6490,55)
(39738,139)
(101370,80)
(29738,120)
(81562,170)
(109050,70)
(78922,98)
(113754,135)
(70538,182)
(44074,224)
(19066,20)
(66602,205)
(90426,131)
(109274,25)
(2666,25)
(45578,25)
(101770,239)
(93450,188)
(103578,123)
(42490,80)
(24410,226)
(3882,157)
(72170,179)
(93306,170)
(24042,27)
(76490,110)
(106714,84)
(111578,217)
(75162,120)
(44938,140)
(26026,97)
(135866,193)
(6666,179)
(6922,223)
(56378,38)
(29514,82)
(37754,32)
(131722,85)
(54026,121)
(121290,56)
(53594,123)
(115994,214)
(122330,60)
(9578,87)
(618,80)
(21402,14)
(89514,111)
(122890,226)
(19610,231)
(73050,145)
(85402,73)
(104042,127)
(62106,218)
(12714,170)
(124778,237)
(109082,83)
(98218,213)
(15898,84)
(113578,229)
(116506,86)
(49466,44)
(102042,157)
(87866,115)
(53434,217)
(36730,95)
(37690,58)
(49578,236)
(33050,134)
(26250,230)
(71706,37)
(69146,170)
(66506,155)
(138346,158)
(45386,108)
(71866,146)
(105002,191)
(85706,236)
(18858,31)
(13066,228)
(43386,238)
(96650,237)
(121194,180)
(93530,60)
(77850,230)
(11498,48)
(54586,118)
(56218,15)
(6650,182)
(47162,94)
(131498,218)
(46410,223)
(128938,15)
(13322,231)
(83562,130)
(9914,134)
(69658,145)
(88954,123)
(136090,238)
(129274,108)
(103738,22)
(14922,37)
(94058,229)
(3818,182)
(6058,56)
(52154,239)
(77546,187)
(41642,110)
(21338,132)
(85898,156)
(8730,170)
(64298,134)
(94506,127)
(14442,86)
(27050,175)
(71434,238)
(87274,82)
(99018,216)
(26570,163)
(90442,108)
(95530,27)
(33002,156)
(27114,229)
(79274,12)
(81418,237)
(112010,223)
(66538,175)
(128378,195)
(18042,22)
(100362,24)
(21770,86)
(22458,85)
(112922,51)
(88698,12)
(60090,48)
(20666,231)
(106762,44)
(125498,225)
(119338,133)
(60202,235)
(80442,229)
(16410,22)
(21562,123)
(116762,228)
(61946,143)
(85930,230)
(101194,122)
(132394,230)
(108954,106)
(19706,121)
(10266,239)
(2154,81)
(45210,32)
(16986,230)
(48874,146)
(67546,142)
(54346,238)
(15562,229)
(56922,224)
(83946,218)
(135002,86)
(91626,15)
(71482,230)
(46378,231)
(92074,25)
(73994,107)
(107322,49)
(81642,239)
(114794,193)
(94074,205)
(24218,72)
(80362,231)
(108330,182)
(117290,195)
(130074,157)
(102794,175)
(68778,236)
(85546,31)
(61498,38)
(92810,166)
(131322,106)
(69162,110)
(114218,237)
(114938,195)
(14570,170)
(1658,236)
(64938,212)
(95978,236)
(101018,238)
(125722,237)
(111930,62)
(90058,159)
(16698,193)
(100010,189)
(109722,190)
(14202,217)
(48458,216)
(48026,109)
(8954,140)
(43898,26)
(74506,236)
(71386,216)
(51530,187)
(85290,158)
(15882,133)
(46490,73)
(90282,169)
(130922,216)
(98250,224)
(2298,15)
(26458,70)
(79594,121)
(34218,187)
(4362,72)
(95546,108)
(130170,175)
(66394,212)
(134458,46)
(82378,61)
(38506,235)
(119530,229)
(93930,195)
(51226,38)
(113322,178)
(136282,237)
(69002,116)
(60906,39)
(96954,15)
(24314,191)
(28506,105)
(23658,127)
(90874,238)
(129466,169)
(45898,143)
(77898,238)
(5482,67)
(65914,178)
(72826,51)
(97274,133)
(110138,216)
(55354,48)
(87642,182)
(2410,85)
(87034,74)
(138202,97)
(69226,63)
(126906,228)
(59194,106)
(137914,236)
(121786,225)
(48490,181)
(31658,69)
(39418,194)
(103082,171)
(67290,169)
(8346,239)
(106698,135)
(44858,75)
(33930,128)
(4474,118)
(54778,228)
(115306,237)
(18586,193)
(118842,229)
(26810,238)
(6954,228)
(40282,38)
(67130,239)
(123210,14)
(33258,183)
(46666,237)
(9882,237)
(19578,163)
(8138,191)
(122970,24)
(60538,182)
(24490,84)
(107258,176)
(2394,111)
(70842,177)
(98042,239)
(61034,235)
(126618,86)
(52874,218)
(107274,193)
(113242,130)
(47274,190)
(67418,216)
(121594,14)
(84762,127)
(51466,32)
(118506,117)
(66730,43)
(72922,86)
(79546,26)
(93018,164)
(97050,175)
(14906,19)
(40970,216)
(85578,14)
(93498,235)
(52106,96)
(26410,139)
(56490,194)
(78810,129)
(63626,13)
(51402,225)
(52602,22)
(4074,190)
(108794,187)
(19034,214)
(50698,50)
(65034,48)
(60666,80)
(11130,216)
(67450,178)
(95802,109)
(61754,121)
(16634,140)
(38986,111)
(68362,169)
(77402,167)
(95962,195)
(127146,57)
(116330,194)
(19082,48)
(110314,237)
(18138,37)
(10906,237)
(81162,34)
(9658,217)
(81514,92)
(86682,236)
(28554,129)
(99594,182)
(118618,25)
(17418,182)
(133722,230)
(45706,103)
(85754,60)
(20778,225)
(53754,62)
(49402,207)
(59130,87)
(49338,216)
(30138,238)
(62522,32)
(112746,37)
(116490,92)
(130666,194)
(26586,14)
(30858,62)
(128474,238)
(114634,85)
(11626,55)
(74954,156)
(12858,230)
(119786,110)
(115658,239)
(65562,182)
(129114,158)
(115098,216)
(75786,59)
(137066,151)
(17466,239)
(49866,26)
(95690,238)
(22522,134)
(31066,133)
(94714,239)
(95098,214)
(19530,229)
(98090,74)
(42938,25)
(31114,115)
(123722,33)
(85882,145)
(63594,182)
(82922,180)
(41626,230)
(34058,229)
(84666,142)
(59098,194)
(66698,120)
(85498,146)
(73546,237)
(55370,191)
(68170,181)
(54666,228)
(66746,183)
(73002,62)
(108554,21)
(97450,72)
(97898,158)
(76842,37)
(49914,86)
(52506,39)
(9130,93)
(65354,81)
(105178,188)
(122442,187)
(78314,46)
(92458,23)
(104762,59)
(127562,190)
(99738,159)
(23962,130)
(79242,106)
(5770,51)
(73962,226)
(826,96)
(17594,122)
(127882,236)
(16154,86)
(13306,145)
(84010,229)
(103210,224)
(121642,237)
(57642,37)
(97754,110)
(131802,216)
(19402,223)
(88906,168)
(127946,96)
(129962,62)
(3562,168)
(109562,218)
(134298,228)
(94938,183)
(138026,133)
(11898,168)
(31178,25)
(69818,128)
(32058,229)
(67514,50)
(5162,169)
(68394,60)
(89914,182)
(3082,238)
(2442,105)
(26842,70)
(51626,181)
(58378,182)
(80122,67)
(57418,237)
(83898,145)
(45114,187)
(13690,120)
(63754,218)
(120586,140)
(75386,120)
(68890,182)
(107882,69)
(54554,194)
(70826,120)
(8506,128)
(40154,75)
(24650,237)
(62858,98)
(29226,60)
(125610,144)
(27034,182)
(58058,134)
(94298,194)
(41178,193)
(80410,182)
(14602,190)
(27530,96)
(64858,13)
(109706,111)
(136058,238)
(16330,107)
(47530,85)
(74618,71)
(7594,127)
(111546,13)
(12794,182)
(18554,129)
(61610,26)
(80490,85)
(17914,73)
(126314,229)
(17242,87)
(59226,229)
(129978,121)
(39850,132)
(104570,228)
(50442,239)
(128986,238)
(50426,170)
(69930,69)
(20138,105)
(48522,33)
(38746,129)
(101706,46)
(113802,218)
(37130,187)
(135258,121)
(17978,230)
(39354,231)
(14410,69)
(96218,36)
(33290,48)
(55258,80)
(39178,236)
(75050,218)
(133754,158)
(86426,146)
(49130,201)
(97466,238)
(36570,134)
(35658,80)
(37018,190)
(50826,110)
(40506,165)
(103818,144)
(47802,121)
(48250,20)
(137450,26)
(77978,237)
(107290,44)
(31754,13)
(57610,238)
(98458,85)
(62058,106)
(37978,223)
(22410,13)
(62122,141)
(71898,155)
(37002,239)
(70010,20)
(24394,167)
(75898,37)
(31306,188)
(10730,225)
(12442,122)
(68842,153)
(83354,133)
(27242,85)
(26154,48)
(70650,37)
(136474,163)
(4666,156)
(48554,44)
(125226,43)
(65258,106)
(80298,129)
(55450,189)
(87018,195)
(105754,97)
(118346,239)
(33818,118)
(113226,46)
(123162,48)
(128666,86)
(137610,93)
(37914,81)
(4586,108)
(100330,70)
(49098,133)
(5978,178)
(86362,181)
(5002,33)
(116842,45)
(18058,204)
(96506,158)
(70410,80)
(119034,105)
(78186,13)
(52954,108)
(111194,97)
(130874,72)
(136650,237)
(23898,195)
(38586,236)
(68474,48)
(103386,195)
(38778,69)
(115274,182)
(75322,70)
(84858,48)
(6730,127)
(16106,75)
(52554,228)
(4506,225)
(116618,229)
(17018,237)
(43642,224)
(50746,134)
(118666,178)
(101866,21)
(17658,152)
(52858,217)
(59610,228)
(91690,235)
(32074,105)
(42538,187)
(86266,188)
(7914,235)
(65242,46)
(124954,224)
(119914,44)
(133482,79)
(103306,98)
(96362,68)
(98970,147)
(87850,212)
(64474,44)
(76858,175)
(128698,25)
(12634,180)
(111306,96)
(113594,74)
(138154,56)
(105290,37)
(56538,147)
(125642,141)
(4762,143)
(73354,189)
(81674,239)
(137114,215)
(11306,218)
(133690,236)
(86986,238)
(29306,95)
(51914,193)
(34874,237)
(11290,195)
(125626,91)
(37498,236)
(110890,145)
(107626,97)
(3962,44)
(116042,195)
(13978,223)
(28074,159)
(30538,229)
(103354,225)
(59562,84)
(61658,156)
(18970,191)
(116218,36)
(116858,133)
(123082,239)
(114490,50)
(132986,127)
(68202,123)
(25210,212)
(65690,146)
(38618,97)
(76250,24)
(99946,158)
(76026,97)
(94410,74)
(67002,83)
(111866,43)
(114474,144)
(40426,110)
(40554,156)
(127050,108)
(79658,195)
(119082,60)
(131898,120)
(75658,63)
(98170,223)
(48698,191)
(109386,145)
(104442,236)
(35354,204)
(21578,238)
(13482,144)
(33274,15)
(37482,141)
(4714,120)
(96858,24)
(586,23)
(85338,121)
(31530,134)
(42362,87)
(106378,115)
(30458,239)
(20570,238)
(89354,95)
(122874,171)
(64154,59)
(75178,47)
(136458,194)
(28202,95)
(98810,121)
(135594,43)
(36426,229)
(59834,74)
(51754,58)
(20394,228)
(53450,218)
(41738,163)
(119114,105)
(64010,239)
(30090,183)
(3002,145)
(42090,67)
(57546,36)
(72250,236)
(94330,70)
(32570,190)
(136938,95)
(9370,151)
(128298,86)
(10746,86)
(11242,82)
(59466,73)
(44682,187)
(54138,97)
(120810,193)
(135658,25)
(96730,83)
(122954,110)
(39226,132)
(88250,123)
(46298,229)
(20762,236)
(104602,181)
(24170,24)
(27402,83)
(79738,93)
(125946,165)
(137210,98)
(15114,175)
(71146,72)
(20858,239)
(29322,109)
(28058,158)
(58,115)
(107914,214)
(8394,189)
(82890,130)
(98058,13)
(59498,212)
(43930,118)
(89802,229)
(26986,239)
(82170,238)
(89002,212)
(105322,170)
(121066,130)
(131018,218)
(10010,85)
(25946,163)
(37242,109)
(56666,180)
(52090,86)
(78586,140)
(115514,146)
(116634,135)
(97850,191)
(137034,236)
(101114,178)
(79178,191)
(77066,231)
(25866,134)
(30682,187)
(117306,188)
(102698,85)
(105722,229)
(95610,230)
(11594,72)
(27146,230)
(93738,183)
(3418,74)
(133418,105)
(9850,180)
(9242,132)
(35690,55)
(506,230)
(39594,235)
(85306,135)
(29082,109)
(31738,144)
(85002,236)
(95114,211)
(37898,193)
(94138,120)
(107738,217)
(77738,14)
(20266,228)
(12010,188)
(83706,156)
(43114,105)
(13370,239)
(104266,168)
(125962,60)
(81098,134)
(70890,145)
(46586,182)
(119098,12)
(106346,168)
(67194,96)
(30970,235)
(109418,226)
(100618,91)
(84794,228)
(67674,179)
(25674,169)
(40938,86)
(45306,134)
(90266,188)
(67930,194)
(41658,218)
(100890,109)
(125786,12)
(18730,230)
(126938,180)
(6202,230)
(10042,22)
(19562,132)
(101626,15)
(107994,97)
(43034,190)
(81882,115)
(101642,72)
(85866,182)
(54906,212)
(6426,226)
(22842,194)
(59258,228)
(34282,48)
(91322,239)
(84234,190)
(79754,239)
(1226,44)
(100490,134)
(102602,228)
(15354,169)
(123962,204)
(129642,49)
(63226,189)
(39786,170)
(32506,91)
(96746,50)
(80778,39)
(26234,145)
(7498,44)
(38138,56)
(5690,228)
(87194,177)
(109354,191)
(88554,195)
(22106,192)
(18794,80)
(112042,170)
(77514,50)
(106810,48)
(131146,122)
(96458,96)
(52570,26)
(72186,96)
(39962,130)
(41450,133)
(59274,229)
(119818,236)
(53274,25)
(115226,60)
(19674,165)
(45034,152)
(36714,37)
(117578,123)
(42986,133)
(31338,46)
(69562,47)
(30618,61)
(97242,236)
(138314,235)
(107178,235)
(2186,168)
(94826,75)
(26170,223)
(40474,236)
(91594,37)
(86394,120)
(122746,205)
(112186,110)
(49370,168)
(111498,82)
(17818,85)
(27130,31)
(99530,214)
(107930,182)
(34618,55)
(130986,212)
(79690,81)
(93962,133)
(89018,216)
(16538,152)
(35482,216)
(85690,236)
(70906,27)
(25162,145)
(6106,195)
(128218,20)
(21594,38)
(30986,229)
(78826,43)
(104986,143)
(22890,106)
(61306,48)
(120970,175)
(91066,175)
(9258,231)
(43994,181)
(34570,34)
(135914,216)
(33370,182)
(11162,230)
(95322,167)
(58106,239)
(37802,44)
(130394,152)
(86234,56)
(21722,34)
(108730,178)
(73914,187)
(69018,85)
(97178,31)
(131274,217)
(4234,132)
(81354,195)
(42746,167)
(81450,177)
(130634,192)
(67242,236)
(6938,223)
(97962,155)
(114554,237)
(104090,228)
(68538,24)
(134522,87)
(134330,132)
(18186,231)
(64074,23)
(42794,106)
(88058,207)
(68346,163)
(99994,70)
(61626,32)
(37082,182)
(29418,237)
(35114,177)
(35498,230)
(107034,225)
(68618,229)
(129130,24)
(138,145)
(124090,182)
(61594,128)
(105978,121)
(69354,231)
(50922,225)
(126810,68)
(135434,94)
(56058,95)
(98282,24)
(7290,129)
(31514,228)
(107802,223)
(1866,218)
(136522,238)
(116234,127)
(133578,96)
(11258,224)
(28410,27)
(116410,239)
(11082,228)
(60074,169)
(67754,130)
(84074,218)
(133242,169)
(80026,120)
(54634,226)
(29850,109)
(58026,229)
(119050,109)
(90490,170)
(76602,97)
(122010,235)
(133450,120)
(133050,193)
(92250,195)
(40762,156)
(136346,238)
(38218,229)
(49722,35)
(67626,73)
(127002,239)
(70186,144)
(90026,120)
(51498,32)
(109658,237)
(65130,194)
(131306,216)
(132618,93)
(117658,170)
(104682,72)
(25354,218)
(124634,237)
(35818,182)
(77690,145)
(82506,121)
(1130,151)
(25114,34)
(102586,237)
(5610,33)
(45674,239)
(10218,120)
(129386,229)
(90538,48)
(100922,20)
(100762,226)
(36650,143)
(132554,238)
(137402,95)
(66794,217)
(27066,231)
(130362,48)
(105242,205)
(88298,81)
(106090,57)
(48666,231)
(127370,231)
(19210,121)
(12298,230)
(129194,35)
(103498,188)
(89530,190)
(14618,177)
(38202,116)
(127290,122)
(41802,182)
(33498,14)
(46506,92)
(78298,176)
(89322,223)
(57994,58)
(106842,225)
(37962,167)
(16250,238)
(35098,74)
(33306,110)
(49210,48)
(102330,237)
(106602,239)
(27978,239)
(81050,182)
(7802,36)
(58874,51)
(53306,239)
(108298,144)
(129178,187)
(42186,230)
(79850,93)
(86186,152)
(16858,236)
(44458,84)
(129050,62)
(30218,182)
(113962,123)
(137530,226)
(7018,189)
(29162,133)
(84730,141)
(40586,51)
(88650,12)
(22218,50)
(114026,228)
(55946,187)
(129914,48)
(98794,175)
(98074,230)
(57594,132)
(65962,228)
(1562,119)
(11962,46)
(34842,59)
(134266,12)
(56154,72)
(61914,108)
(92938,194)
(41706,127)
(77082,218)
(2986,228)
(38106,26)
(138250,229)
(72010,26)
(41402,238)
(19690,182)
(39082,226)
(16218,228)
(108826,32)
(75962,143)
(126986,27)
(16826,146)
(9226,178)
(13930,98)
(132106,20)
(5066,37)
(75818,189)
(42138,218)
(13018,85)
(35370,86)
(82426,47)
(137482,237)
(55226,218)
(48330,170)
(79930,33)
(113738,44)
(52218,146)
(99882,82)
(23050,132)
(46570,181)
(65786,68)
(112442,239)
(99082,73)
(6554,23)
(68282,217)
(96762,158)
(32794,229)
(538,228)
(6746,187)
(28426,132)
(100346,131)
(13434,108)
(113354,94)
(40346,98)
(29642,229)
(39402,228)
(42346,61)
(133098,83)
(15130,38)
(57754,231)
(21642,39)
(106442,166)
(47514,178)
(91290,131)
(16922,182)
(30810,120)
(36586,158)
(105498,36)
(124378,38)
(92714,129)
(59210,194)
(112234,13)
(117642,195)
(4138,238)
(126506,193)
(554,191)
(101354,51)
(12554,133)
(113882,127)
(114346,61)
(34026,175)
(18762,119)
(8586,238)
(42682,80)
(90730,50)
(14762,224)
(85482,60)
(123450,237)
(97578,195)
(117098,146)
(35802,156)
(87290,61)
(109818,36)
(132282,115)
(130794,61)
(20810,239)
(68746,152)
(84362,230)
(74810,169)
(50682,27)
(36378,86)
(122074,187)
(40298,239)
(123338,93)
(15450,237)
(52122,85)
(101674,120)
(65002,62)
(59722,127)
(95354,194)
(58682,60)
(86602,170)
(57530,228)
(104746,170)
(107610,79)
(138458,129)
(17738,36)
(77146,231)
(15162,38)
(30042,183)
(69130,187)
(36090,229)
(127194,171)
(107690,37)
(104410,228)
(100954,228)
(88410,181)
(8266,190)
(28154,237)
(102474,194)
(49242,131)
(98874,134)
(26314,27)
(78058,60)
(130378,13)
(71690,235)
(87578,218)
(26090,95)
(113850,239)
(8634,217)
(85722,123)
(115258,109)
(68090,45)
(59898,119)
(122730,195)
(60362,205)
(107306,237)
(49642,118)
(50042,215)
(119562,168)
(24810,194)
(67210,19)
(45818,139)
(130954,158)
(63962,218)
(66874,80)
(75402,195)
(133706,72)
(44442,239)
(115882,36)
(64410,39)
(108746,156)
(66410,68)
(56602,180)
(134410,132)
(59162,24)
(57466,93)
(35946,24)
(124330,153)
(134506,44)
(112650,170)
(125594,50)
(89258,103)
(17834,46)
(47962,180)
(16394,25)
(30266,170)
(110154,47)
(35242,158)
(38602,132)
(62378,132)
(18890,38)
(70634,237)
(102346,121)
(16474,26)
(27866,142)
(64586,132)
(11226,181)
(18458,229)
(109370,180)
(106986,178)
(954,237)
(15546,24)
(46250,237)
(111770,190)
(115002,229)
(14778,236)
(116986,19)
(49994,226)
(24074,50)
(27690,228)
(64554,170)
(31610,70)
(27802,179)
(121530,33)
(70362,24)
(39370,98)
(134010,191)
(138298,32)
(25994,27)
(6634,48)
(85450,231)
(36890,133)
(72650,109)
(130346,165)
(28682,127)
(18090,85)
(46970,108)
(25898,212)
(61898,24)
(80106,224)
(45226,217)
(47434,192)
(107514,24)
(46538,226)
(66970,188)
(49034,157)
(56778,228)
(121418,218)
(94922,73)
(109322,237)
(13034,131)
(107354,175)
(102106,140)
(68810,235)
(27754,157)
(73722,87)
(57210,84)
(110202,20)
(80138,91)
(25066,182)
(1946,212)
(21322,218)
(121658,33)
(134794,182)
(117274,187)
(9786,238)
(54266,97)
(10602,146)
(29946,97)
(3210,129)
(136698,191)
(87930,194)
(103066,237)
(130474,21)
(21258,36)
(110090,200)
(131386,229)
(8106,91)
(41962,86)
(10842,60)
(8058,37)
(21882,216)
(94650,73)
(53034,214)
(20314,147)
(112394,110)
(56858,49)
(126586,141)
(7114,157)
(28762,94)
(61338,146)
(89370,238)
(129514,120)
(137738,49)
(77674,193)
(6890,238)
(57962,108)
(78570,83)
(20298,152)
(42778,85)
(95482,216)
(46010,189)
(8554,139)
(72122,217)
(75674,129)
(98298,238)
(65210,56)
(33018,63)
(67946,146)
(62090,191)
(96634,48)
(118458,13)
(29050,229)
(128234,190)
(130154,194)
(42330,175)
(23322,39)
(15274,94)
(121498,142)
(134138,214)
(49482,236)
(76618,45)
(730,169)
(67098,85)
(63050,95)
(37658,158)
(117402,139)
(122634,238)
(45546,55)
(37354,86)
(51002,49)
(58458,85)
(69258,182)
(85834,229)
(25578,170)
(74874,180)
(111642,156)
(117242,13)
(37450,127)
(52618,189)
(7786,33)
(72682,32)
(3978,238)
(133370,105)
(32970,164)
(101738,238)
(54842,60)
(18826,60)
(72474,189)
(121050,133)
(134538,194)
(21514,190)
(47738,50)
(89434,58)
(121370,238)
(136714,50)
(58826,236)
(85114,140)
(24298,70)
(37562,239)
(72442,84)
(32154,51)
(32186,228)
(82234,99)
(53322,13)
(9866,156)
(71226,183)
(14042,218)
(130410,218)
(36122,59)
(46826,87)
(102874,230)
(30394,144)
(54810,188)
(127802,193)
(50314,190)
(119402,120)
(96474,230)
(88442,182)
(1978,182)
(35386,229)
(123834,223)
(129018,169)
(67162,168)
(35674,98)
(13274,134)
(8202,144)
(24746,59)
(51674,55)
(123770,168)
(5210,189)
(107898,180)
(16234,164)
(92922,177)
(104858,143)
(92442,239)
(85210,189)
(44970,144)
(95162,239)
(41578,86)
(44954,195)
(53978,49)
(27290,120)
(72234,225)
(55642,237)
(80458,225)
(105450,70)
(129994,132)
(4522,35)
(7354,35)
(131114,13)
(117850,110)
(7306,24)
(70810,120)
(74538,84)
(28186,238)
(94570,50)
(37338,175)
(72858,145)
(46986,206)
(20474,238)
(89130,72)
(118090,109)
(25642,91)
(63002,171)
(24970,36)
(23546,188)
(56682,237)
(74298,106)
(79498,59)
(76042,223)
(51290,177)
(100314,55)
(124426,151)
(92858,180)
(120314,237)
(18986,180)
(96330,130)
(17066,239)
(30170,229)
(127178,193)
(5338,118)
(43562,120)
(52330,224)
(57722,193)
(74522,144)
(84602,229)
(121834,225)
(76538,194)
(94762,99)
(78746,239)
(45850,180)
(63818,134)
(117018,107)
(106570,157)
(86554,230)
(137146,225)
(78378,165)
(103610,37)
(4090,218)
(48058,107)
(59386,119)
(121978,107)
(132218,27)
(51034,236)
(59914,13)
(22026,195)
(104922,226)
(86634,146)
(110010,85)
(99802,191)
(72410,237)
(27962,239)
(68858,145)
(38826,13)
(68570,236)
(19002,32)
(29754,178)
(28282,110)
(71514,110)
(47386,115)
(59370,15)
(137690,85)
(83978,24)
(53722,108)
(12346,228)
(9386,121)
(58970,60)
(107482,182)
(127754,182)
(80858,237)
(112810,212)
(125194,92)
(6170,151)
(89338,207)
(34042,26)
(57226,236)
(59738,14)
(127258,38)
(122298,14)
(83050,68)
(115642,223)
(127082,144)
(23434,81)
(106682,45)
(127930,98)
(110810,238)
(129834,154)
(4458,60)
(48010,115)
(73434,190)
(80474,183)
(72730,95)
(86954,121)
(41386,144)
(97162,236)
(5402,236)
(46842,181)
(67434,237)
(61818,229)
(6874,50)
(10202,187)
(65818,237)
(114810,26)
(23706,223)
(119658,32)
(11978,139)
(49930,49)
(112090,70)
(59322,236)
(82138,121)
(32954,157)
(87370,165)
(73530,118)
(124730,177)
(12506,180)
(47082,133)
(101834,156)
(13706,157)
(118250,163)
(128570,20)
(24426,50)
(66634,179)
(89866,146)
(109946,60)
(40666,145)
(60458,170)
(88874,127)
(45130,199)
(5578,48)
(53786,230)
(33866,206)
(55690,33)
(116138,23)
(125370,96)
(128106,133)
(53258,82)
(107530,226)
(29434,132)
(137578,226)
(13178,12)
(119434,194)
(125578,169)
(43690,223)
(74090,177)
(48202,85)
(115690,182)
(135322,228)
(91706,37)
(105818,13)
(10410,216)
(133994,182)
(98602,237)
(54362,121)
(90650,157)
(87882,128)
(102842,130)
(14122,94)
(5418,180)
(51434,120)
(89178,51)
(60842,204)
(123354,237)
(132586,74)
(60330,235)
(47882,145)
(117562,68)
(132026,47)
(39066,238)
(120442,108)
(137562,204)
(65370,225)
(115162,235)
(92682,129)
(136970,194)
(90410,195)
(55834,86)
(34858,181)
(22202,107)
(4250,165)
(30378,12)
(67578,119)
(21082,98)
(29770,170)
(104282,63)
(12202,231)
(52394,171)
(52762,37)
(67850,57)
(32490,146)
(46330,63)
(87434,182)
(30362,98)
(83370,189)
(137242,170)
(136762,230)
(127770,86)
(122202,120)
(129450,218)
(4554,182)
(58442,55)
(22682,181)
(85082,230)
(17210,13)
(90106,239)
(81594,73)
(43290,22)
(24154,218)
(123130,73)
(18234,225)
(83242,122)
(19482,182)
(82634,98)
(32826,239)
(31722,157)
(35322,14)
(18218,38)
(90010,182)
(121098,85)
(9978,216)
(54474,239)
(83738,183)
(99514,22)
(38698,214)
(120298,229)
(37626,182)
(52314,75)
(31274,121)
(51770,58)
(7210,163)
(58250,187)
(55162,115)
(114106,79)
(17114,140)
(54282,103)
(22122,84)
(38378,57)
(58778,117)
(137866,98)
(90954,163)
(131434,133)
(4202,24)
(11338,231)
(24938,212)
(130538,98)
(86090,230)
(51354,127)
(41290,86)
(128090,72)
(68698,213)
(10058,19)
(122186,228)
(124986,238)
(86106,110)
(110698,239)
(103802,238)
(79578,213)
(95018,230)
(11114,85)
(86138,62)
(29450,91)
(20746,72)
(95130,37)
(29882,86)
(28170,62)
(47754,117)
(58122,191)
(65850,156)
(122842,26)
(90506,239)
(125386,82)
(70426,231)
(55818,229)
(121562,195)
(119162,182)
(37210,236)
(13114,191)
(81530,195)
(41034,119)
(9018,132)
(77242,182)
(121130,121)
(60826,117)
(22506,228)
(522,25)
(97978,179)
