(92835,179)
(23571,33)
(113843,94)
(110163,228)
(97267,120)
(92851,97)
(43315,115)
(90691,237)
(97795,73)
(130499,190)
(89827,217)
(19971,72)
(104499,61)
(32131,204)
(75683,31)
(115683,226)
(12643,195)
(63667,93)
(134675,239)
(48499,27)
(98563,106)
(41331,31)
(67827,127)
(34787,236)
(78691,236)
(43091,188)
(86483,67)
(49219,73)
(38451,236)
(96051,238)
(22467,182)
(37571,95)
(30675,145)
(124275,21)
(54899,26)
(61139,236)
(45747,226)
(57683,216)
(53683,24)
(98131,216)
(14595,146)
(11267,94)
(124515,187)
(72435,132)
(93747,187)
(56963,195)
(88371,56)
(42179,235)
(18259,34)
(135859,231)
(43555,72)
(30867,118)
(107299,129)
(65043,79)
(79715,70)
(123619,120)
(49891,218)
(120051,180)
(131699,182)
(90211,182)
(137331,231)
(23795,56)
(77891,158)
(46771,229)
(66003,98)
(26387,24)
(85459,38)
(77971,74)
(99235,230)
(32643,86)
(61699,63)
(39795,229)
(94851,97)
(46723,63)
(85203,163)
(69587,86)
(106115,122)
(80387,190)
(120931,85)
(123475,237)
(102051,63)
(34931,37)
(73827,24)
(123811,22)
(74931,95)
(35731,239)
(87987,207)
(54163,86)
(119395,170)
(52851,214)
(20595,191)
(39555,43)
(6051,225)
(97187,128)
(21427,109)
(35315,228)
(2787,226)
(72499,237)
(136355,129)
(47155,144)
(136019,22)
(57779,239)
(114291,98)
(131667,79)
(43347,177)
(54243,145)
(34099,22)
(98707,216)
(32931,181)
(87187,33)
(126243,63)
(6435,87)
(35139,170)
(133523,67)
(44099,170)
(32067,229)
(15539,192)
(12579,144)
(28611,86)
(89203,193)
(40467,239)
(125507,61)
(86323,115)
(57091,139)
(73571,51)
(95347,230)
(70723,169)
(259,230)
(30531,32)
(93843,82)
(4163,62)
(99603,36)
(130035,120)
(35827,20)
(136835,132)
(15171,15)
(138035,195)
(19203,122)
(2867,130)
(76387,108)
(99139,231)
(93971,85)
(70899,195)
(27891,59)
(30739,20)
(82483,36)
(45539,190)
(105379,229)
(13107,230)
(129187,238)
(68691,218)
(43475,175)
(96979,170)
(86755,230)
(113811,109)
(103779,127)
(72131,118)
(9475,14)
(8147,97)
(50387,105)
(63235,157)
(41795,111)
(41171,224)
(97411,238)
(17795,147)
(10307,170)
(75923,228)
(131795,115)
(90723,182)
(16739,45)
(127203,193)
(102867,45)
(2819,157)
(131123,225)
(483,216)
(56387,128)
(138067,129)
(30195,140)
(134595,122)
(103315,92)
(37043,134)
(118963,158)
(74723,236)
(93475,216)
(126515,115)
(43891,84)
(74499,62)
(93939,239)
(132515,237)
(129667,111)
(75619,237)
(132387,133)
(41283,122)
(85411,39)
(32083,216)
(29203,217)
(49043,109)
(62531,39)
(91075,96)
(105331,60)
(42515,14)
(110035,95)
(65939,146)
(130163,134)
(45843,68)
(40979,97)
(87667,225)
(24067,183)
(68995,36)
(115443,155)
(11475,128)
(55731,229)
(119731,119)
(63203,229)
(18035,228)
(23715,74)
(52451,74)
(10723,111)
(119027,24)
(16003,24)
(18083,130)
(58771,238)
(9507,215)
(135091,144)
(102979,236)
(69507,182)
(70419,191)
(86547,74)
(104979,84)
(6995,23)
(102899,157)
(111859,45)
(121411,193)
(116579,98)
(132563,37)
(71939,20)
(81139,206)
(57523,120)
(129987,229)
(1795,74)
(104467,146)
(16659,231)
(43731,182)
(45171,110)
(91331,12)
(92595,122)
(38195,187)
(37619,49)
(38931,79)
(97747,81)
(126195,74)
(107587,239)
(163,95)
(74419,226)
(105123,14)
(127075,183)
(48835,239)
(82579,146)
(108547,121)
(122243,187)
(49827,237)
(10243,225)
(1123,134)
(11011,225)
(13555,195)
(113347,237)
(38323,61)
(80147,179)
(47379,236)
(104595,223)
(112883,36)
(81235,228)
(81283,231)
(8467,235)
(34083,132)
(115235,236)
(134307,33)
(52611,68)
(135539,127)
(132675,133)
(38147,133)
(112595,195)
(114739,121)
(116403,140)
(19747,238)
(55203,39)
(33027,231)
(41635,129)
(71443,132)
(70003,194)
(93555,21)
(107379,195)
(30611,237)
(96211,133)
(116163,195)
(38163,236)
(33651,230)
(50291,194)
(84259,147)
(138387,96)
(34531,120)
(35347,217)
(137491,228)
(45443,67)
(10963,239)
(43955,195)
(42723,86)
(50851,182)
(88115,49)
(100259,117)
(5171,47)
(7507,110)
(73187,132)
(103427,224)
(115715,170)
(130707,187)
(107715,133)
(41811,97)
(99763,169)
(31011,47)
(10291,228)
(11827,195)
(74835,158)
(78115,237)
(96787,43)
(46019,211)
(92355,228)
(67507,132)
(127235,96)
(105219,142)
(22627,110)
(116819,96)
(435,229)
(114243,223)
(107267,49)
(73955,195)
(119283,166)
(107363,238)
(100819,230)
(39491,170)
(45363,229)
(54467,182)
(95779,48)
(122435,130)
(119299,108)
(84275,127)
(76579,106)
(108323,80)
(11699,22)
(84243,218)
(102339,195)
(1459,193)
(21811,62)
(119315,110)
(55875,60)
(12051,182)
(109459,49)
(30131,62)
(29155,36)
(131891,158)
(70851,182)
(23203,158)
(115507,217)
(6739,187)
(88243,239)
(8947,194)
(116851,212)
(30851,122)
(77027,231)
(89619,129)
(126899,159)
(63731,218)
(68019,57)
(43011,13)
(54835,92)
(78195,51)
(6419,215)
(4499,56)
(128403,239)
(85123,13)
(46835,94)
(88195,217)
(47667,121)
(43331,169)
(52563,60)
(94515,83)
(105987,175)
(113859,131)
(125619,187)
(25315,61)
(67059,91)
(17331,167)
(108467,235)
(49795,144)
(25891,175)
(79139,120)
(11635,237)
(75715,57)
(92931,104)
(114547,110)
(17747,231)
(92051,224)
(6227,239)
(87619,31)
(114019,120)
(96435,238)
(29315,14)
(37075,62)
(114659,62)
(6371,128)
(53155,195)
(94483,87)
(66179,26)
(22947,12)
(75267,182)
(45651,85)
(28659,180)
(36851,47)
(85523,14)
(101219,14)
(78755,237)
(110483,73)
(72995,46)
(39091,82)
(112627,229)
(72771,230)
(112083,55)
(76051,158)
(627,224)
(54099,58)
(5635,195)
(37235,131)
(45907,20)
(22211,223)
(101347,93)
(134851,180)
(73155,62)
(47907,237)
(49027,139)
(27331,230)
(123331,214)
(57827,142)
(52659,68)
(99843,91)
(3283,193)
(35427,27)
(36707,111)
(95891,74)
(67699,134)
(105699,223)
(121603,182)
(131011,216)
(6819,122)
(75811,239)
(81507,206)
(38131,110)
(127379,87)
(125891,48)
(75891,24)
(38835,87)
(31059,12)
(76483,134)
(24979,43)
(89795,93)
(35603,92)
(64147,229)
(70019,132)
(19619,237)
(44835,14)
(2883,238)
(75155,157)
(21987,238)
(118179,118)
(33219,97)
(121315,133)
(104627,75)
(97523,127)
(42323,14)
(9011,120)
(90115,99)
(13651,86)
(121699,145)
(48403,97)
(60739,142)
(19507,167)
(51683,195)
(56355,15)
(22883,175)
(70291,133)
(54339,51)
(115075,39)
(19251,74)
(105075,107)
(6675,177)
(99939,170)
(12819,94)
(7683,236)
(10451,170)
(57651,164)
(30819,216)
(84147,238)
(11667,87)
(135363,26)
(17555,217)
(87091,238)
(84963,71)
(68083,111)
(74755,94)
(39715,33)
(127219,157)
(118531,110)
(42371,61)
(52483,193)
(114131,228)
(94643,225)
(4259,74)
(41827,85)
(18867,229)
(111027,238)
(103027,98)
(87107,119)
(92675,98)
(103971,80)
(91395,238)
(86259,195)
(54419,25)
(68835,31)
(137811,85)
(96627,70)
(105523,34)
(79027,157)
(50931,180)
(90179,171)
(4755,27)
(114883,191)
(80355,229)
(23459,95)
(136963,177)
(50707,237)
(123539,37)
(42483,12)
(69075,224)
(103955,120)
(109203,120)
(131027,236)
(106515,108)
(44515,193)
(125267,37)
(77923,223)
(49299,59)
(105587,110)
(116979,121)
(13891,219)
(17731,19)
(3683,15)
(108227,237)
(78083,156)
(43059,237)
(58707,59)
(100179,238)
(66611,156)
(17875,141)
(111699,194)
(31379,229)
(90307,133)
(84979,120)
(2163,191)
(55523,123)
(66595,25)
(100563,115)
(127939,170)
(97779,72)
(101827,239)
(5507,97)
(113091,133)
(6035,132)
(117523,144)
(128371,214)
(19939,51)
(49459,180)
(114595,108)
(100211,157)
(32867,84)
(60323,217)
(71123,236)
(125571,177)
(69491,74)
(43779,120)
(134339,182)
(78051,237)
(72003,235)
(4947,69)
(84307,223)
(23123,43)
(8307,143)
(127427,26)
(74435,183)
(94147,218)
(6131,194)
(99667,238)
(34371,26)
(91587,21)
(78211,48)
(31907,26)
(12259,239)
(52915,215)
(92915,146)
(40611,237)
(66163,74)
(10083,84)
(88451,231)
(122419,91)
(105203,224)
(106803,132)
(3411,58)
(22259,229)
(20563,95)
(18067,14)
(84563,39)
(4451,230)
(48019,206)
(97155,99)
(39683,163)
(136291,169)
(100467,133)
(29267,216)
(69043,84)
(49811,158)
(71811,182)
(55699,25)
(137987,224)
(125939,228)
(106131,22)
(119859,239)
(66515,231)
(72931,180)
(99955,228)
(134915,129)
(107315,182)
(130755,146)
(84051,216)
(94435,73)
(8739,122)
(32771,23)
(65715,191)
(118755,131)
(117203,14)
(102531,96)
(123923,218)
(128451,144)
(69315,121)
(15907,98)
(130851,239)
(57459,120)
(92563,95)
(81875,228)
(100739,180)
(7459,178)
(55123,121)
(111459,71)
(4819,158)
(16803,49)
(132787,86)
(44627,217)
(60099,224)
(136899,72)
(73875,50)
(40835,195)
(86611,218)
(35971,237)
(73507,146)
(124643,188)
(2835,20)
(59619,38)
(101555,63)
(13379,128)
(135779,228)
(13667,224)
(104579,128)
(138307,26)
(127731,60)
(14851,194)
(66403,37)
(70243,36)
(52931,215)
(26275,223)
(11811,38)
(24803,122)
(50227,169)
(65251,180)
(89555,178)
(120803,238)
(19283,231)
(71987,189)
(8243,238)
(76179,99)
(77939,74)
(125123,182)
(102723,238)
(108803,84)
(118099,182)
(27043,194)
(88995,93)
(5827,195)
(98099,225)
(46387,98)
(131219,130)
(33059,59)
(92403,132)
(84083,142)
(17363,104)
(36323,120)
(128307,231)
(61395,157)
(16163,50)
(43699,203)
(31395,181)
(71203,84)
(112211,50)
(129859,67)
(36179,223)
(35523,111)
(102947,169)
(44659,228)
(99587,146)
(44547,121)
(3187,152)
(116211,231)
(49667,34)
(62979,118)
(63795,86)
(112771,108)
(4419,230)
(54851,228)
(31555,169)
(68451,239)
(81043,128)
(128115,122)
(42195,73)
(110211,226)
(41747,229)
(113427,195)
(111347,181)
(69571,194)
(136659,38)
(93363,23)
(1811,151)
(92035,218)
(899,237)
(56819,44)
(1267,169)
(58211,228)
(19955,214)
(48643,229)
(121795,191)
(119971,98)
(58115,212)
(62995,87)
(20771,226)
(126835,237)
(104851,120)
(13795,230)
(18755,217)
(60211,157)
(55507,50)
(98675,165)
(87347,110)
(46579,105)
(124659,116)
(107971,81)
(49875,156)
(136995,121)
(18307,121)
(20051,96)
(66835,214)
(67603,122)
(44227,238)
(101427,146)
(43171,144)
(88643,187)
(20099,49)
(138451,67)
(61939,81)
(108067,34)
(15187,230)
(115891,182)
(73539,142)
(14275,108)
(101667,156)
(121763,194)
(80003,236)
(95667,229)
(31827,239)
(62387,71)
(108051,199)
(64003,163)
(127555,55)
(5587,237)
(59523,188)
(67923,71)
(72179,129)
(80595,153)
(24131,142)
(23107,26)
(29667,32)
(90371,217)
(55107,163)
(120035,163)
(136947,167)
(99747,56)
(120627,107)
(122515,79)
(42531,226)
(73763,228)
(49107,236)
(9075,178)
(77715,111)
(20531,169)
(53955,212)
(9347,123)
(128899,239)
(118627,92)
(55587,223)
(103123,152)
(3907,47)
(89171,177)
(70643,61)
(40739,81)
(116067,63)
(124403,79)
(18771,94)
(115603,86)
(12931,169)
(4611,218)
(71619,217)
(96531,182)
(82547,239)
(25411,14)
(32755,228)
(17267,225)
(22611,179)
(123171,14)
(132131,14)
(130835,62)
(13395,23)
(63683,194)
(114563,156)
(118483,239)
(63635,21)
(24051,121)
(36307,98)
(135939,229)
(12115,194)
(50547,235)
(117491,111)
(80419,51)
(72611,132)
(62307,214)
(101635,108)
(81619,238)
(10627,56)
(31091,181)
(17699,236)
(14163,105)
(109027,49)
(53699,239)
(117107,47)
(26627,79)
(22131,181)
(33731,146)
(9411,195)
(125299,109)
(25971,171)
(28147,132)
(18195,85)
(1411,128)
(81347,36)
(86051,59)
(23523,74)
(46883,169)
(94979,218)
(135571,239)
(108211,123)
(80883,239)
(132099,218)
(76643,120)
(33619,228)
(86979,230)
(118563,229)
(47171,235)
(51347,228)
(72067,127)
(107747,169)
(99507,195)
(60675,195)
(128579,144)
(37539,236)
(118355,62)
(21171,195)
(97235,23)
(35491,87)
(55043,121)
(69987,144)
(6291,134)
(15459,75)
(60771,49)
(37683,132)
(40691,24)
(34307,228)
(60979,96)
(103283,230)
(75011,84)
(10515,56)
(35107,109)
(137539,182)
(83971,122)
(100035,195)
(136867,238)
(81859,132)
(91187,94)
(7523,195)
(17587,225)
(90547,223)
(113187,194)
(126019,237)
(11747,139)
(69731,25)
(133571,189)
(1395,163)
(114675,193)
(102323,154)
(28387,56)
(32371,133)
(123123,218)
(18579,104)
(115379,228)
(14051,168)
(34675,60)
(47507,73)
(111251,122)
(35091,47)
(5875,239)
(134947,133)
(128227,127)
(91459,223)
(33747,58)
(66547,84)
(18707,229)
(10131,115)
(71795,118)
(112515,147)
(26147,228)
(124115,231)
(45811,97)
(109795,46)
(35027,230)
(113491,46)
(76067,218)
(27459,59)
(73171,236)
(90243,120)
(52595,94)
(126227,190)
(27315,192)
(97139,179)
(106259,27)
(38883,224)
(108515,239)
(122579,225)
(90451,106)
(33427,70)
(110259,211)
(44003,134)
(44691,166)
(41091,74)
(50515,238)
(7571,151)
(58835,109)
(21651,67)
(27267,58)
(28579,183)
(38723,171)
(42419,85)
(87891,239)
(28035,130)
(103635,14)
(29379,130)
(120179,14)
(110723,229)
(132819,228)
(3107,237)
(42675,237)
(98803,239)
(53763,39)
(86435,115)
(30579,195)
(108035,146)
(121171,194)
(57283,109)
(46275,237)
(8915,37)
(96355,239)
(109043,237)
(121459,223)
(49059,26)
(45411,27)
(21875,38)
(58243,212)
(76339,97)
(67123,95)
(79699,237)
(113027,69)
(112115,97)
(62179,239)
(6547,159)
(124899,35)
(25155,182)
(9603,229)
(18995,115)
(50003,81)
(195,182)
(132163,71)
(50419,96)
(137619,110)
(63891,228)
(29619,235)
(112147,132)
(121667,26)
(87699,182)
(115459,230)
(4355,157)
(126163,157)
(102931,93)
(27091,48)
(65267,74)
(70259,238)
(33507,226)
(80787,129)
(95923,26)
(60995,81)
(84611,168)
(104227,140)
(110819,175)
(32115,44)
(117267,218)
(61683,164)
(26915,236)
(110419,85)
(133091,72)
(77043,163)
(80851,236)
(136739,238)
(45395,123)
(8515,182)
(79235,158)
(90707,223)
(117251,70)
(95619,139)
(50675,167)
(59475,204)
(33203,104)
(97651,13)
(101603,145)
(94035,55)
(107059,228)
(68851,132)
(89267,110)
(57603,51)
(15603,191)
(124595,69)
(124835,235)
(23843,212)
(122787,177)
(47571,239)
(43683,57)
(123043,179)
(90147,235)
(80483,108)
(132179,73)
(121827,237)
(116515,218)
(47779,236)
(108243,193)
(91123,73)
(11251,225)
(2963,146)
(127651,104)
(1731,131)
(124067,45)
(19523,226)
(34323,84)
(83059,170)
(41219,98)
(387,50)
(113011,179)
(92115,127)
(128179,228)
(76211,195)
(16595,193)
(104371,238)
(134931,224)
(10851,191)
(64163,217)
(37251,55)
(3123,230)
(34163,122)
(123347,110)
(74595,38)
(18627,63)
(73619,45)
(103395,158)
(132739,142)
(43587,48)
(91219,155)
(86243,180)
(138099,51)
(32979,183)
(109587,218)
(27715,109)
(104211,146)
(73651,239)
(107923,187)
(34403,224)
(12483,74)
(123187,231)
(60659,179)
(137283,105)
(54451,228)
(14883,49)
(18243,155)
(69139,194)
(85875,216)
(1843,120)
(72915,194)
(74659,178)
(40387,171)
(106787,157)
(64275,228)
(22579,121)
(83203,93)
(81331,132)
(2147,127)
(48067,86)
(47731,121)
(56339,47)
(15587,194)
(50659,226)
(6595,97)
(8707,219)
(20867,146)
(32035,62)
(20723,122)
(33091,120)
(48307,48)
(95011,47)
(110899,79)
(31427,38)
(47939,85)
(104131,139)
(18723,74)
(108339,122)
(133715,223)
(131347,27)
(34595,13)
(68067,47)
(110883,217)
(37139,128)
(74739,171)
(4179,45)
(20675,118)
(52739,145)
(15571,12)
(17715,144)
(134131,62)
(45507,48)
(114995,230)
(58195,168)
(44067,223)
(101731,27)
(25219,98)
(80403,48)
(73747,146)
(76547,120)
(29139,195)
(89219,142)
(111363,223)
(107843,179)
(134867,230)
(47267,96)
(43651,180)
(124419,188)
(52947,147)
(122675,182)
(133379,194)
(101939,55)
(77859,44)
(1235,182)
(15507,98)
(62339,224)
(29891,67)
(69891,141)
(111907,132)
(84371,218)
(44339,67)
(74691,83)
(110755,230)
(81715,212)
(3,195)
(33683,175)
(56099,80)
(99459,155)
(136131,195)
(111635,236)
(96675,200)
(11971,67)
(42787,12)
(135827,236)
(122563,178)
(117987,14)
(60883,169)
(117955,13)
(45187,193)
(136675,43)
(18643,93)
(11779,228)
(7491,127)
(2291,211)
(17955,183)
(122595,31)
(83555,45)
(88659,128)
(79587,110)
(2467,109)
(117443,231)
(133491,130)
(87875,235)
(71507,44)
(7763,182)
(45731,169)
(64115,108)
(105715,14)
(60483,133)
(5907,81)
(135699,120)
(99427,70)
(74227,74)
(67971,181)
(91651,134)
(131539,99)
(107779,50)
(57571,85)
(90659,236)
(96483,231)
(111315,193)
(130915,57)
(107987,238)
(10099,230)
(45283,97)
(88627,121)
(118259,230)
(56627,38)
(114147,110)
(132291,193)
(106483,74)
(66531,123)
(120883,170)
(49235,180)
(83139,217)
(59203,24)
(11891,236)
(29475,155)
(111651,191)
(102803,97)
(49907,34)
(98723,74)
(120563,12)
(69619,167)
(34691,157)
(105363,228)
(102131,127)
(4675,62)
(93587,195)
(53411,231)
(121555,84)
(46499,229)
(27171,27)
(119235,225)
(50499,24)
(8931,168)
(18963,120)
(116771,229)
(103619,235)
(87907,120)
(135331,13)
(83603,60)
(39299,86)
(1923,61)
(46323,144)
(52643,187)
(114963,127)
(11411,194)
(102819,182)
(6083,237)
(107043,116)
(84227,110)
(113139,182)
(85859,120)
(1027,81)
(116547,207)
(95219,95)
(25075,121)
(133587,121)
(50243,109)
(47315,223)
(73139,193)
(131859,218)
(4659,132)
(135971,238)
(43827,231)
(133331,61)
(86595,238)
(68563,238)
(105091,190)
(119363,61)
(136595,105)
(108851,97)
(28115,110)
(15027,228)
(50835,12)
(72099,97)
(138259,116)
(40019,164)
(112915,224)
(125715,193)
(80947,237)
(101139,133)
(118291,194)
(3619,123)
(61827,223)
(64243,74)
(86515,109)
(138163,98)
(85619,59)
(48099,48)
(117859,237)
(93715,235)
(135443,231)
(119987,151)
(28675,120)
(52435,84)
(45027,131)
(57907,62)
(72355,236)
(57971,156)
(96883,216)
(16467,235)
(73891,230)
(78627,121)
(963,236)
(53123,144)
(88211,49)
(7283,239)
(126851,21)
(104899,133)
(101683,34)
(106179,182)
(21331,238)
(57715,195)
(41539,239)
(79091,98)
(72083,236)
(95395,44)
(73075,216)
(121187,85)
(137443,179)
(63315,236)
(107139,224)
(110291,61)
(58131,146)
(49123,182)
(13123,106)
(42883,237)
(106163,236)
(6099,31)
(371,60)
(23091,212)
(128515,228)
(25331,141)
(67763,225)
(73363,120)
(20339,193)
(88915,32)
(6707,60)
(52211,49)
(52771,117)
(79731,188)
(119747,44)
(117619,109)
(8835,190)
(91283,216)
(108867,48)
(11459,191)
(89059,15)
(124467,180)
(106819,237)
(99219,231)
(126131,96)
(28307,195)
(5939,212)
(30931,31)
(122099,144)
(76467,182)
(40291,179)
(57219,108)
(113267,94)
(98051,23)
(10579,231)
(75827,163)
(126291,187)
(35,84)
(125731,74)
(42339,158)
(101763,231)
(100355,177)
(46115,98)
(134483,158)
(12403,182)
(27571,236)
(42947,228)
(60147,146)
(104003,111)
(104771,156)
(105683,216)
(105251,85)
(74275,108)
(112755,230)
(115939,62)
(66691,122)
(137747,131)
(130339,236)
(61715,168)
(112803,217)
(79283,229)
(65779,83)
(23875,13)
(66435,238)
(92963,218)
(99043,237)
(106979,218)
(2947,182)
(102195,37)
(128147,122)
(48323,238)
(16755,21)
(78035,230)
(81475,170)
(105891,133)
(115395,105)
(121283,70)
(135795,68)
(34851,71)
(121939,97)
(69347,237)
(25187,132)
(128019,218)
(131075,37)
(130099,43)
(49523,181)
(68659,122)
(52179,191)
(116755,86)
(41411,158)
(12675,230)
(82899,231)
(54387,144)
(691,190)
(55075,216)
(84323,15)
(100419,85)
(69699,24)
(102579,115)
(45491,239)
(8227,60)
(10211,74)
(15555,108)
(62595,59)
(94163,75)
(18403,107)
(20499,237)
(6515,229)
(94995,13)
(97219,145)
(99475,225)
(117059,194)
(125859,145)
(80227,218)
(92515,117)
(17923,144)
(112819,14)
(9299,13)
(11507,56)
(16579,129)
(12627,86)
(58787,236)
(40995,236)
(92307,195)
(803,110)
(80723,50)
(111299,228)
(16899,35)
(123059,191)
(39379,194)
(35155,26)
(37907,195)
(83043,190)
(118675,110)
(22643,22)
(20003,94)
(2771,84)
(7667,50)
(6771,27)
(71395,193)
(86147,59)
(105939,120)
(128547,193)
(91715,26)
(59331,37)
(108979,58)
(38595,169)
(55603,120)
(9043,49)
(131875,192)
(93283,182)
(13635,45)
(127107,95)
(78579,60)
(85971,230)
(12547,25)
(13587,182)
(100851,14)
(29347,22)
(95155,170)
(107395,116)
(123395,95)
(25251,225)
(68387,97)
(138403,44)
(87731,110)
(101955,182)
(54723,110)
(104787,121)
(80035,109)
(103411,216)
(69523,170)
(80739,224)
(125459,48)
(98259,180)
(116003,135)
(2371,223)
(77395,182)
(40483,45)
(84483,225)
(11795,170)
(50643,69)
(90339,231)
(54563,69)
(58819,226)
(58499,153)
(64259,145)
(131107,223)
(128979,37)
(59427,228)
(65763,239)
(5619,223)
(29283,35)
(63779,26)
(36115,238)
(135043,83)
(87459,193)
(93507,230)
(79571,180)
(105635,131)
(112243,224)
(33779,167)
(117171,146)
(515,238)
(115763,239)
(37411,229)
(8419,132)
(69443,49)
(132835,223)
(116803,23)
(26611,63)
(47251,239)
(76707,225)
(4691,132)
(72227,228)
(30995,129)
(53379,74)
(82643,195)
(109059,237)
(137379,85)
(124883,144)
(72835,97)
(45475,224)
(67779,24)
(39651,191)
(37299,180)
(40915,14)
(91683,55)
(83955,195)
(79619,25)
(78371,24)
(8899,56)
(13203,146)
(117907,27)
(29059,195)
(32723,85)
(45347,229)
(90131,38)
(95091,91)
(8275,45)
(50755,119)
(5699,239)
(85667,74)
(60435,218)
(21859,23)
(89907,228)
(81923,228)
(2403,168)
(13347,15)
(4243,168)
(64307,14)
(16051,68)
(89683,228)
(123955,60)
(73699,187)
(53203,123)
(129203,229)
(95843,176)
(106403,39)
(105475,224)
(31587,121)
(69235,235)
(79971,229)
(133827,84)
(37395,225)
(60179,60)
(93139,218)
(8611,38)
(51971,168)
(107107,170)
(114003,194)
(116883,237)
(76803,135)
(33107,231)
(92435,94)
(595,157)
(49507,120)
(117219,110)
(97427,72)
(89187,218)
(124915,74)
(105651,229)
(126051,155)
(36563,225)
(11907,109)
(62803,238)
(125427,193)
(13267,195)
(116931,194)
(43843,37)
(9843,225)
(94707,225)
(84835,45)
(70803,118)
(46099,170)
(12947,82)
(57475,132)
(26227,191)
(88755,95)
(76451,238)
(108003,167)
(99411,177)
(24019,60)
(52291,117)
(129379,38)
(92531,237)
(10227,73)
(103187,96)
(112195,23)
(94819,237)
(15139,51)
(37795,70)
(118451,170)
(27491,195)
(36211,194)
(75091,217)
(89571,239)
(130451,158)
(104323,31)
(26115,132)
(43603,218)
(31603,38)
(91603,195)
(46659,195)
(70931,189)
(114307,226)
(128163,109)
(136979,73)
(45251,187)
(25635,224)
(138371,146)
(128723,56)
(20739,188)
(83235,226)
(120131,86)
(72243,237)
(90099,107)
(133731,61)
(65603,121)
(103491,224)
(115699,131)
(81939,87)
(121075,175)
(95683,85)
(2723,206)
(111811,237)
(24515,214)
(136387,231)
(56723,157)
(31667,20)
(44595,120)
(79891,141)
(85491,239)
(46851,120)
(99731,116)
(26659,239)
(105731,188)
(7075,37)
(19811,237)
(48035,82)
(22083,24)
(53907,167)
(93251,195)
(102003,121)
(89331,36)
(48723,92)
(27843,21)
(128995,181)
(112259,131)
(132659,192)
(47027,133)
(55795,21)
(89539,177)
(59395,117)
(79779,238)
(63571,48)
(7795,238)
(127059,237)
(114627,67)
(76755,229)
(127907,182)
(32531,120)
(49779,230)
(115267,35)
(68243,238)
(36915,239)
(69171,59)
(42771,239)
(35699,55)
(97203,216)
(76003,58)
(995,106)
(25283,182)
(65555,163)
(4323,103)
(25267,134)
(39315,31)
(9939,190)
(10163,217)
(59491,43)
(61315,111)
(23427,121)
(100723,193)
(43379,170)
(113571,134)
(128419,120)
(134627,48)
(114899,211)
(45667,58)
(68147,59)
(100915,216)
(126787,166)
(45779,238)
(33347,84)
(131251,152)
(131731,117)
(137779,158)
(13507,182)
(30563,85)
(38851,145)
(82787,218)
(21123,193)
(5395,179)
(62291,216)
(18675,104)
(102787,12)
(95859,97)
(91171,183)
(86067,177)
(89315,122)
(13811,104)
(33139,236)
(95363,62)
(19395,79)
(125043,193)
(32515,194)
(68403,133)
(87235,169)
(21539,229)
(109811,236)
(114275,225)
(131363,141)
(46211,156)
(138419,37)
(64755,199)
(78147,237)
(71875,122)
(92611,63)
(9875,156)
(75443,56)
(70067,178)
(29731,224)
(27011,169)
(117043,152)
(34819,218)
(61619,155)
(45555,20)
(99923,20)
(78019,109)
(60691,110)
(25603,36)
(2419,237)
(93667,44)
(28643,80)
(66275,239)
(66259,181)
(61251,181)
(121235,118)
(24723,158)
(7427,239)
(40435,216)
(44499,199)
(93203,24)
(51155,129)
(37491,108)
(44387,237)
(54051,187)
(7699,122)
(109267,170)
(132035,171)
(121347,105)
(42579,82)
(56787,229)
(121811,62)
(35907,37)
(28099,236)
(47363,182)
(92291,153)
(135475,237)
(19491,133)
(27427,83)
(23827,228)
(54755,228)
(31699,228)
(81363,129)
(38947,236)
(33523,47)
(42851,44)
(115779,182)
(131523,179)
(63603,134)
(9779,39)
(9203,182)
(62035,230)
(92867,237)
(83123,235)
(40371,61)
(113827,13)
(61107,31)
(107603,109)
(26291,147)
(98995,170)
(16179,146)
(33011,110)
(19731,218)
(54067,225)
(80259,214)
(30291,131)
(117395,115)
(26323,224)
(128691,238)
(23907,163)
(3987,72)
(115,62)
(83171,49)
(106211,155)
(134291,81)
(119587,85)
(81187,191)
(107523,158)
(12355,237)
(19843,224)
(77907,230)
(8355,24)
(18435,191)
(28563,239)
(48995,170)
(117891,85)
(57491,128)
(115635,23)
(4227,94)
(90387,177)
(90563,98)
(90355,179)
(74867,85)
(12035,235)
(112227,223)
(9283,164)
(14067,235)
(12595,134)
(42627,214)
(120483,110)
(128243,169)
(29075,121)
(6467,223)
(92547,86)
(112099,68)
(53235,199)
(35171,216)
(62707,231)
(9955,120)
(64659,157)
(69635,62)
(131507,238)
(20259,218)
(40947,133)
(92771,228)
(17235,99)
(40579,108)
(60787,25)
(138147,238)
(16275,73)
(25555,228)
(11523,33)
(50771,55)
(41875,218)
(82003,236)
(115027,122)
(108531,225)
(7939,57)
(44803,14)
(87571,239)
(60467,213)
(22387,48)
(74355,228)
(37363,194)
(59811,163)
(120291,132)
(107027,33)
(100979,179)
(133267,50)
(137203,50)
(38227,147)
(4003,180)
(14435,237)
(124819,229)
(138275,73)
(97331,132)
(59219,122)
(76323,12)
(26819,230)
(34867,121)
(16723,22)
(115875,228)
(32883,132)
(16691,93)
(6339,23)
(119571,68)
(35379,225)
(50483,236)
(49315,190)
(24755,157)
(57843,93)
(50595,47)
(98883,73)
(59875,131)
(80611,187)
(42451,104)
(58739,168)
(120915,237)
(135923,104)
(35619,140)
(89843,63)
(117347,97)
(27155,170)
(85603,139)
(12195,75)
(30323,176)
(323,191)
(11363,104)
(22147,139)
(83491,141)
(38899,72)
(42435,108)
(121011,19)
(89283,81)
(12067,48)
(105235,182)
(36131,121)
(13427,62)
(16771,72)
(38499,192)
(21059,182)
(62371,182)
(95491,178)
(51443,229)
(116787,188)
(34131,212)
(95875,58)
(88099,190)
(103987,204)
(32323,36)
(129715,104)
(85331,177)
(124707,217)
(113059,190)
(22723,122)
(131203,44)
(55251,48)
(65139,207)
(72451,193)
(22531,177)
(114067,215)
(38275,239)
(45123,61)
(103171,140)
(122835,14)
(119555,229)
(40067,230)
(116227,193)
(79059,68)
(69411,120)
(38915,225)
(110915,224)
(122403,34)
(64339,223)
(22291,154)
(74003,190)
(48963,229)
(117139,238)
(39347,177)
(20035,238)
(127283,31)
(57923,133)
(18947,92)
(132067,166)
(98851,229)
(80307,32)
(124387,170)
(122659,193)
(118323,105)
(131603,195)
(3155,95)
(10259,183)
(96803,36)
(43907,230)
(77411,216)
(43267,132)
(86179,181)
(38211,123)
(132915,27)
(127091,229)
(41651,72)
(65107,68)
(931,97)
(17683,15)
(46243,135)
(43203,144)
(96499,182)
(67043,127)
(28451,120)
(39843,236)
(73283,237)
(32211,183)
(36259,237)
(73971,230)
(43763,228)
(137155,180)
(21363,20)
(126579,121)
(129443,218)
(91987,146)
(13939,194)
(15475,46)
(32339,156)
(89779,143)
(120355,231)
(112931,91)
(18563,57)
(70339,218)
(137923,120)
(131,74)
(123427,223)
(112691,193)
(106675,224)
(26339,109)
(76627,170)
(65987,182)
(66147,156)
(116611,97)
(104163,199)
(109443,55)
(24387,230)
(85283,37)
(61059,157)
(83667,133)
(73331,192)
(102435,80)
(21187,109)
(30067,226)
(11043,181)
(2387,98)
(27907,193)
(101779,62)
(1075,229)
(70547,55)
(135219,228)
(43987,182)
(45219,191)
(138195,56)
(67955,217)
(74947,187)
(119795,120)
(121363,44)
(36499,218)
(134531,99)
(46899,235)
(35987,120)
(96819,239)
(103331,143)
(118931,12)
(9027,238)
(42755,216)
(8291,229)
(5123,63)
(46147,228)
(126915,70)
(134083,96)
(13971,158)
(131059,231)
(69859,170)
(87507,157)
(117459,39)
(91347,236)
(124755,238)
(67571,212)
(69907,175)
(88595,99)
(97843,62)
(93987,44)
(8531,13)
(103939,237)
(46515,195)
(75539,120)
(110515,86)
(44579,63)
(20851,193)
(132707,129)
(87203,167)
(106691,46)
(64355,133)
(53603,226)
(120643,71)
(124531,118)
(51795,115)
(117651,35)
(134835,157)
(113075,12)
(42691,183)
(44771,110)
(116675,238)
(34211,127)
(39155,24)
(69011,95)
(101795,180)
(21843,194)
(6531,239)
(30179,214)
(32099,180)
(17379,237)
(74771,216)
(94451,228)
(50403,170)
(70051,129)
(43491,236)
(137763,229)
(83411,180)
(64323,190)
(104915,158)
(13731,229)
(119203,106)
(61555,25)
(1155,131)
(84595,205)
(93123,15)
(106531,158)
(58915,177)
(60131,144)
(9091,71)
(12915,14)
(98227,86)
(59987,177)
(48003,229)
(134355,223)
(117699,43)
(14691,12)
(32803,37)
(1555,226)
(18547,86)
(45619,49)
(13987,194)
(84387,61)
(14931,219)
(39235,111)
(45683,48)
(28067,178)
(60755,191)
(71363,144)
(34771,84)
(30051,193)
(59747,228)
(77827,218)
(40931,178)
(66563,105)
(50067,206)
(87427,104)
(102467,211)
(53139,142)
(37331,190)
(30979,228)
(49171,230)
(98179,61)
(72707,58)
(110707,228)
(86963,108)
(98819,166)
(135123,72)
(109395,228)
(53875,231)
(122163,218)
(122691,238)
(118579,111)
(111891,58)
(127315,214)
(95651,228)
(12707,238)
(110131,230)
(112003,127)
(25763,193)
(54195,157)
(84419,237)
(48707,206)
(56035,86)
(74819,109)
(132483,151)
(26531,231)
(117923,237)
(125379,122)
(110611,145)
(6387,109)
(106499,157)
(16291,96)
(25779,103)
(97811,193)
(64483,14)
(82915,235)
(62787,214)
(70963,72)
(31859,238)
(43299,144)
(84099,169)
(77475,237)
(72595,147)
(119939,96)
(75907,235)
(61907,49)
(15155,187)
(74611,225)
(135299,144)
(17299,177)
(34723,87)
(3971,32)
(64499,25)
(17523,189)
(93907,225)
(5987,223)
(25203,97)
(85891,163)
(136419,194)
(30835,96)
(56771,128)
(55411,115)
(38659,188)
(2451,206)
(6451,230)
(78275,109)
(118403,170)
(85427,182)
(103107,134)
(109955,74)
(132851,35)
(131843,237)
(28435,86)
(61347,14)
(61507,228)
(82771,67)
(3811,157)
(74579,84)
(121731,228)
(135683,195)
(87715,107)
(120307,15)
(46435,98)
(137635,68)
(62723,122)
(30435,96)
(43443,59)
(65843,135)
(72275,230)
(54611,230)
(118435,15)
(20835,193)
(118067,14)
(66643,45)
(126995,12)
(45523,92)
(62451,237)
(7843,97)
(36051,68)
(63411,195)
(62275,175)
(83795,129)
(5331,120)
(135491,230)
(70563,157)
(19795,139)
(85251,25)
(46867,238)
(53491,170)
(125139,181)
(79219,193)
(91235,22)
(82163,38)
(57267,60)
(48275,74)
(51875,145)
(68915,231)
(66867,83)
(83731,195)
(90083,235)
(114755,170)
(99811,26)
(120083,182)
(1603,226)
(128755,239)
(88691,238)
(120419,229)
(128707,73)
(51747,75)
(52899,238)
(99907,217)
(23171,104)
(92691,235)
(96915,223)
(108163,175)
(35011,26)
(120979,152)
(44275,26)
(137171,72)
(10755,156)
(44355,190)
(60387,57)
(25939,109)
(46627,229)
(77955,183)
(59667,213)
(15491,182)
(110595,159)
(4403,193)
(33459,73)
(132115,94)
(113875,91)
(50163,238)
(22707,225)
(65315,182)
(84531,238)
(91875,74)
(36963,33)
(37699,190)
(45923,238)
(74883,231)
(77315,239)
(39699,229)
(72947,145)
(81587,163)
(68979,68)
(82691,235)
(81747,158)
(121571,236)
(76435,36)
(110019,39)
(60051,195)
(21907,217)
(62083,31)
(89139,147)
(75587,12)
(122291,61)
(32291,180)
(47971,15)
(98755,228)
(11859,63)
(54211,27)
(52099,38)
(20131,132)
(129875,216)
(20547,121)
(79075,175)
(60947,214)
(108483,143)
(64739,129)
(79395,70)
(114931,182)
(20979,239)
(103235,170)
(48563,188)
(65619,237)
(67875,62)
(16915,80)
(111667,97)
(80243,178)
(122387,69)
(94115,214)
(3571,63)
(137651,192)
(101315,191)
(137731,225)
(17971,105)
(13155,106)
(62851,169)
(133795,239)
(41299,147)
(121635,195)
(10003,231)
(115011,193)
(9363,181)
(108355,22)
(91859,60)
(100755,237)
(103875,193)
(77267,21)
(133347,204)
(58467,47)
(17187,26)
(73987,48)
(109779,57)
(134243,229)
(22115,135)
(133683,108)
(81987,87)
(31491,182)
(41971,37)
(62931,63)
(42915,14)
(71635,60)
(102371,139)
(98371,38)
(8883,238)
(120515,123)
(90739,117)
(56435,121)
(59379,31)
(100163,56)
(109379,15)
(113555,215)
(11315,225)
(40275,95)
(107539,204)
(121491,132)
(72195,187)
(48083,62)
(62051,86)
(59507,179)
(125411,118)
(27763,182)
(128339,190)
(130131,32)
(18147,193)
(119411,118)
(104339,193)
(113603,72)
(17763,82)
(58355,152)
(90531,195)
(101251,47)
(117843,80)
(127507,140)
(130643,170)
(125827,158)
(91843,183)
(108819,134)
(122867,238)
(109635,91)
(86499,238)
(123219,229)
(112835,230)
(105859,195)
(72723,192)
(96195,191)
(126563,239)
(21027,103)
(110563,182)
(78995,135)
(125763,193)
(51523,73)
(133539,229)
(34835,237)
(86275,157)
(69475,226)
(23683,46)
(115283,146)
(88931,168)
(51411,33)
(32163,179)
(94291,206)
(54371,127)
(66387,151)
(81411,13)
(121843,223)
(70531,164)
(119635,193)
(33571,178)
(10179,133)
(42051,226)
(54867,38)
(60275,239)
(26355,238)
(74179,237)
(91299,192)
(105875,163)
(24483,219)
(129619,70)
(70387,105)
(116355,195)
(19075,237)
(59731,22)
(25811,109)
(79811,229)
(48147,239)
(94419,98)
(47523,182)
(115619,181)
(123715,141)
(24323,216)
(128131,224)
(12691,82)
(71683,181)
(26083,239)
(36883,182)
(100643,62)
(135267,82)
(30339,168)
(47475,26)
(96931,195)
(43571,235)
(88163,237)
(50371,108)
(77171,195)
(15395,239)
(25747,151)
(90627,239)
(82083,25)
(61875,230)
(12275,237)
(112643,134)
(109699,75)
(13699,177)
(121923,134)
(29443,239)
(93219,182)
(108915,62)
(135907,230)
(3779,97)
(87155,14)
(20163,130)
(66051,158)
(123763,51)
(22771,47)
(78483,86)
(11219,104)
(80531,237)
(127011,238)
(118019,238)
(36819,239)
(28211,72)
(65475,135)
(48467,43)
(3315,218)
(136851,237)
(90019,228)
(55859,62)
(63427,212)
(136803,38)
(69107,72)
(33635,108)
(38819,239)
(108403,73)
(93955,62)
(42243,132)
(128051,218)
(2691,93)
(130307,152)
(659,121)
(37427,190)
(33411,92)
(47427,94)
(121395,157)
(121027,193)
(96403,58)
(94771,217)
(48579,45)
(11939,168)
(58563,178)
(40003,123)
(133875,224)
(42819,194)
(26691,230)
(74403,122)
(12099,236)
(70147,224)
(124691,146)
(17619,175)
(104275,194)
(123459,96)
(4595,50)
(130563,104)
(85699,109)
(71187,122)
(73315,120)
(112707,231)
(102259,182)
(7123,224)
(2035,36)
(52147,235)
(46291,14)
(18163,170)
(38371,177)
(108771,50)
(59059,190)
(55747,108)
(21667,107)
(95267,179)
(851,34)
(57347,216)
(52963,139)
(61859,195)
(82611,178)
(101987,239)
(107811,181)
(31843,238)
(9699,175)
(547,217)
(41683,217)
(117555,169)
(84515,107)
(102515,145)
(34035,195)
(126931,229)
(94067,15)
(124723,182)
(118515,133)
(64019,229)
(137107,216)
(98211,109)
(419,48)
(112899,146)
(17907,120)
(11539,212)
(131427,24)
(39011,50)
(37187,118)
(29939,69)
(138115,84)
(28803,181)
(37091,91)
(98787,130)
(136211,216)
(126627,152)
(112451,181)
(134707,127)
(121683,144)
(62483,182)
(104083,180)
(87827,132)
(41075,218)
(85347,13)
(44707,182)
(127667,235)
(133059,86)
(29955,117)
(111683,122)
(111571,228)
(18931,182)
(133779,156)
(72419,226)
(2627,218)
(87811,96)
(30691,85)
(12515,156)
(52323,24)
(92803,96)
(71571,93)
(53747,79)
(85747,130)
(7779,182)
(7811,85)
(22435,24)
(62019,23)
(63971,239)
(135059,85)
(24275,38)
(39027,24)
(73427,55)
(46819,128)
(17603,132)
(48115,182)
(110275,131)
(39811,223)
(24531,48)
(70131,37)
(76675,239)
(102179,81)
(116195,120)
(82323,109)
(119603,181)
(92819,25)
(38963,97)
(47619,177)
(9267,116)
(21411,229)
(36163,183)
(42403,182)
(3923,147)
(58979,236)
(85683,21)
(78099,217)
(70867,59)
(116963,119)
(122707,122)
(707,12)
(94803,20)
(45139,194)
(17347,144)
(71251,167)
(87971,24)
(73235,236)
(84739,239)
(133235,27)
(127811,26)
(24115,237)
(29507,35)
(12435,200)
(116499,55)
(76371,108)
(89235,23)
(105011,32)
(16787,237)
(72643,49)
(97955,193)
(111923,238)
(8403,48)
(10387,103)
(13683,182)
(37891,236)
(63651,98)
(125843,25)
(5187,152)
(84627,183)
(16419,71)
(96899,235)
(24355,115)
(643,187)
(44787,158)
(112067,132)
(88531,19)
(56323,145)
(102163,230)
(108899,187)
(80803,22)
(63059,26)
(18099,13)
(137011,228)
(107443,121)
(12531,37)
(131299,226)
(109571,239)
(26931,177)
(82195,86)
(116995,120)
(118835,194)
(6963,171)
(86371,21)
(77779,180)
(18179,145)
(70771,119)
(98307,24)
(105763,230)
(5235,144)
(74643,129)
(55715,122)
(109859,157)
(80995,50)
(26995,24)
(82387,224)
(77987,75)
(135411,50)
(99619,132)
(106627,32)
(129043,48)
(121091,123)
(883,218)
(91107,216)
(98291,191)
(58019,85)
(5491,194)
(70691,238)
(41155,159)
(51027,239)
(95315,36)
(71107,86)
(62883,103)
(122451,236)
(125235,59)
(134051,35)
(24787,59)
(68819,192)
(25043,229)
(129075,120)
(35299,33)
(53923,156)
(95043,156)
(56163,189)
(94339,61)
(126083,182)
(107251,187)
(105187,182)
(48851,127)
(68051,97)
(60083,230)
(1091,32)
(50211,15)
(65347,73)
(1619,82)
(27283,178)
(30307,180)
(96771,231)
(80499,200)
(134323,189)
(84403,229)
(76867,228)
(34227,177)
(11715,127)
(123555,217)
(77379,165)
(120659,167)
(111619,59)
(106467,235)
(113235,216)
(2115,216)
(30419,228)
(118163,118)
(108019,193)
(132003,157)
(134659,224)
(30371,98)
(53251,25)
(64979,229)
(52547,168)
(75219,231)
(78291,237)
(114947,38)
(67987,45)
(79491,223)
(723,43)
(3859,179)
(20019,49)
(123251,158)
(117027,189)
(38355,238)
(118499,168)
(87363,217)
(102243,39)
(123203,84)
(51219,38)
(121747,120)
(54979,236)
(124867,177)
(109235,81)
(9971,92)
(65459,143)
(89651,194)
(99331,212)
(39939,207)
(14387,133)
(89971,216)
(115107,188)
(99267,55)
(90851,145)
(6579,231)
(41699,190)
(92003,62)
(38611,224)
(138355,193)
(77331,218)
(34355,154)
(15955,212)
(57731,236)
(33299,62)
(109123,56)
(25907,46)
(30227,140)
(86403,86)
(28627,223)
(98915,108)
(115907,193)
(14803,93)
(129923,123)
(69027,127)
(89011,36)
(109331,235)
(112483,86)
(102115,33)
(102739,239)
(107619,60)
(111331,85)
(103811,26)
(118003,183)
(110099,14)
(71907,223)
(109299,49)
(48899,69)
(112131,120)
(30147,194)
(28291,231)
(85507,179)
(111235,74)
(107635,217)
(89891,15)
(98579,231)
(60355,26)
(4339,187)
(36643,238)
(36435,228)
(37347,123)
(28931,192)
(54227,135)
(75987,230)
(72627,45)
(105491,123)
(124035,192)
(46451,24)
(97123,25)
(107123,146)
(14547,228)
(37059,229)
(106083,82)
(88515,132)
(89107,230)
(23187,152)
(28419,21)
(84771,37)
(127155,57)
(72163,60)
(117779,39)
(54947,96)
(128675,236)
(62963,238)
(86195,228)
(112355,12)
(121651,224)
(27699,223)
(11283,229)
(29219,195)
(101091,31)
(108995,170)
(60499,193)
(42115,226)
(48355,49)
(129699,158)
(56675,183)
(39475,81)
(115043,57)
(20883,193)
(125779,193)
(56643,226)
(39859,49)
(19891,224)
(63027,120)
(75523,97)
(78899,180)
(88179,45)
(32499,183)
(122963,230)
(7267,129)
(7027,23)
(79475,37)
(111011,105)
(102483,132)
(61491,158)
(120259,193)
(106579,14)
(93459,182)
(104243,193)
(5667,63)
(71955,21)
(31283,74)
(36627,218)
(53651,85)
(18595,217)
(73523,131)
(83747,72)
(114355,25)
(11427,38)
(37267,122)
(91699,117)
(29683,14)
(64611,118)
(93635,237)
(5155,128)
(83571,212)
(65523,154)
(67411,170)
(20387,223)
(120611,98)
(138211,80)
(24867,128)
(40867,223)
(60307,147)
(135555,237)
(100883,238)
(36691,62)
(27779,60)
(106019,67)
(96259,193)
(132979,239)
(138179,224)
(26131,239)
(52067,14)
(7587,238)
(130323,48)
(5971,46)
(53459,133)
(68723,37)
(77587,224)
(7379,20)
(14739,39)
(53059,47)
(97299,145)
(23539,228)
(57555,13)
(130147,98)
(21267,139)
(56211,225)
(61603,14)
(94579,72)
(116179,195)
(3667,56)
(96147,141)
(27651,191)
(122067,122)
(132867,27)
(131971,115)
(103475,229)
(12963,239)
(23299,226)
(49411,85)
(1571,97)
(27027,145)
(71459,212)
(90771,228)
(39507,84)
(9523,230)
(90467,62)
(56803,122)
(96579,67)
(114195,183)
(81427,121)
(122915,236)
(179,120)
(2483,85)
(3459,225)
(7987,239)
(34195,168)
(13955,32)
(52051,214)
(56003,36)
(8627,128)
(15331,99)
(74195,228)
(9715,229)
(47987,194)
(90867,169)
(76851,224)
(120211,95)
(17123,164)
(18739,239)
(96419,43)
(70211,21)
(38435,67)
(6931,182)
(87747,237)
(86339,192)
(91763,238)
(79875,237)
(87267,14)
(129091,127)
(99123,156)
(75315,72)
(9443,79)
(101443,189)
(4867,58)
(29251,237)
(96163,134)
(82947,116)
(105347,224)
(53043,86)
(59651,190)
(77491,99)
(105795,224)
(109091,59)
(89027,194)
(58387,229)
(132643,23)
(51267,216)
(100659,120)
(8643,228)
(112051,85)
(131315,236)
(82403,231)
(45315,108)
(61795,22)
(90435,182)
(84339,79)
(119955,195)
(132899,230)
(64883,98)
(110003,48)
(16643,86)
(85651,228)
(46803,224)
(136755,13)
(54675,134)
(115123,238)
(66771,121)
(94099,120)
(25843,206)
(113715,224)
(9187,46)
(47763,129)
(35459,182)
(120067,34)
(20291,190)
(51843,12)
(51699,86)
(87859,21)
(28003,203)
(98931,169)
(33939,122)
(95203,15)
(68739,158)
(85027,190)
(73123,19)
(102387,23)
(113171,181)
(32691,97)
(2323,237)
(38387,218)
(61763,55)
(105827,182)
(49427,183)
(16259,165)
(92227,157)
(21491,182)
(61171,238)
(62835,236)
(104099,226)
(53267,142)
(51427,203)
(66995,229)
(135347,111)
(111187,235)
(116147,225)
(124019,56)
(98451,122)
(96867,217)
(46963,103)
(104931,180)
(43235,168)
(80083,103)
(121203,115)
(72291,216)
(77811,177)
(51987,239)
(68755,166)
(79523,134)
(18275,238)
(43795,156)
(91523,237)
(86579,134)
(56947,70)
(137267,191)
(108643,229)
(83107,44)
(835,134)
(17171,74)
(115155,188)
(275,131)
(33315,93)
(22515,120)
(6211,134)
(76531,182)
(44931,239)
(32419,237)
(54435,217)
(27123,236)
(107411,183)
(97283,238)
(130787,146)
(113251,170)
(93315,212)
(34147,182)
(467,119)
(66675,144)
(125699,57)
(51635,237)
(97859,226)
(1107,182)
(118819,151)
(12659,99)
(19667,169)
(68227,218)
(104483,180)
(69779,127)
(60067,128)
(76515,35)
(24995,236)
(95635,98)
(134771,105)
(5795,204)
(95379,223)
(116627,63)
(85795,120)
(57619,236)
(124947,218)
(59075,181)
(9107,111)
(24307,98)
(120755,120)
(34467,81)
(51955,228)
(97603,217)
(115523,171)
(113763,132)
(137059,236)
(130227,190)
(32003,177)
(119827,218)
(49587,133)
(89955,109)
(108691,238)
(8979,58)
(82419,140)
(37219,84)
(45155,50)
(33715,195)
(110579,55)
(127331,187)
(33907,194)
(47539,85)
(84675,237)
(88787,237)
(20707,82)
(8595,231)
(98323,49)
(67459,188)
(99827,216)
(129843,231)
(17155,24)
(72467,145)
(94547,73)
(124003,86)
(87475,106)
(78467,187)
(56227,170)
(122819,120)
(116531,105)
(24947,230)
(56979,158)
(97043,238)
(35219,70)
(137139,230)
(133971,238)
(124499,218)
(14451,170)
(61811,228)
(82371,223)
(87027,85)
(94259,139)
(133939,170)
(10499,204)
(108083,205)
(26403,156)
(121155,212)
(93443,96)
(36547,143)
(35507,237)
(44675,217)
(31507,239)
(120195,224)
(48931,182)
(103859,61)
(38003,108)
(82707,144)
(136819,97)
(63587,96)
(77123,143)
(16115,33)
(38579,19)
(64915,229)
(31075,182)
(125747,49)
(5299,25)
(99347,48)
(40195,195)
(64547,19)
(1347,59)
(49843,218)
(61443,225)
(47235,163)
(71027,223)
(63955,195)
(52835,192)
(136931,85)
(14979,228)
(27955,195)
(57251,73)
(107827,79)
(124563,238)
(33955,239)
(38019,212)
(75411,71)
(17283,195)
(126419,156)
(104307,195)
(72051,229)
(22339,121)
(37923,106)
(120115,87)
(51123,158)
(88867,181)
(121267,110)
(21715,121)
(82243,120)
(13363,237)
(81459,127)
(120451,97)
(98627,228)
(40787,37)
(65571,157)
(73795,228)
(127795,38)
(110675,229)
(47219,84)
(63139,154)
(20515,116)
(110307,179)
(103667,110)
(109715,228)
(44291,169)
(70403,225)
(20403,97)
(53443,212)
(28707,61)
(29235,12)
(44211,169)
(133987,145)
(104707,176)
(95331,81)
(101395,34)
(112435,195)
(14355,223)
(81443,183)
(34611,59)
(83187,218)
(118083,230)
(55395,169)
(110739,93)
(85923,104)
(107331,35)
(54515,95)
(132243,237)
(48531,36)
(117715,55)
(90595,238)
(43219,74)
(78403,33)
(14483,239)
(21011,83)
(90835,14)
(131715,132)
(102915,181)
(15427,195)
(75555,92)
(20323,24)
(81971,170)
(134035,230)
(80019,235)
(28723,82)
(49939,194)
(86163,224)
(132323,83)
(85395,188)
(24195,217)
(81219,72)
(59859,85)
(95299,158)
(8131,236)
(11587,238)
(53891,122)
(211,109)
(19059,155)
(3475,48)
(85539,230)
(15251,183)
(26579,236)
(14147,99)
(86627,49)
(2851,62)
(16307,231)
(102595,116)
(48451,97)
(10883,230)
(39763,230)
(32995,70)
(122803,177)
(81555,214)
(19635,12)
(125347,229)
(32915,25)
(114467,59)
(105955,238)
(37123,182)
(106995,57)
(40099,96)
(110803,195)
(133395,217)
(29779,85)
(95107,189)
(91955,231)
(35667,228)
(122179,50)
(106835,218)
(112307,236)
(129587,169)
(31971,194)
(118339,239)
(8819,223)
(110467,180)
(121475,83)
(126467,68)
(55187,122)
(29363,217)
(115331,183)
(120595,229)
(57075,61)
(4531,181)
(5715,145)
(110147,96)
(90995,182)
(58291,169)
(99699,109)
(127891,48)
(62195,177)
(126755,156)
(72899,70)
(101267,180)
(84467,85)
(52419,223)
(72819,86)
(36371,104)
(11075,195)
(27859,182)
(70499,182)
(19443,84)
(86227,230)
(28771,22)
(18499,178)
(125651,72)
(109891,239)
(51811,128)
(18387,74)
(11491,94)
(46051,25)
(129331,82)
(58147,218)
(53075,23)
(65635,223)
(84291,191)
(15059,47)
(104675,194)
(58627,224)
(46739,229)
(33187,143)
(91667,167)
(14259,38)
(78723,58)
(110067,216)
(89667,236)
(95603,223)
(129539,195)
(16819,49)
(56019,182)
(3731,69)
(22067,120)
(81123,229)
(52371,229)
(110995,109)
(24499,206)
(57171,63)
(48483,183)
(49971,145)
(125107,229)
(106371,231)
(64867,132)
(133619,237)
(119891,228)
(5843,122)
(18915,81)
(88563,109)
(113539,206)
(91747,180)
(79747,67)
(34483,170)
(92739,188)
(104147,92)
(17027,237)
(75475,110)
(137555,55)
(138051,236)
(71827,169)
(86035,49)
(30883,44)
(114339,235)
(58435,226)
(58403,195)
(10819,36)
(89123,228)
(16355,239)
(50995,183)
(4131,181)
(25379,39)
(106595,235)
(88963,127)
(77635,238)
(23971,44)
(24179,177)
(18979,86)
(72307,230)
(8259,36)
(23235,46)
(44739,86)
(89427,237)
(94787,216)
(1587,80)
(77651,73)
(110243,180)
(108835,239)
(73219,37)
(42867,110)
(77219,236)
(57635,191)
(60867,15)
(137299,145)
(34275,60)
(111875,194)
(67843,225)
(63699,228)
(91907,182)
(130963,144)
(22979,92)
(100531,229)
(16019,238)
(130947,229)
(47891,99)
(7331,235)
(71347,129)
(116243,156)
(46915,132)
(135955,97)
(16499,231)
(129299,27)
(131475,237)
(63155,59)
(78947,189)
(126595,195)
(53667,85)
(112947,207)
(39875,50)
(109011,239)
(56275,141)
(85267,110)
(112035,117)
(50131,217)
(131779,223)
(14211,55)
(98547,230)
(7747,55)
(113891,133)
(108451,225)
(125923,239)
(53843,80)
(103603,193)
(96451,142)
(27107,123)
(50899,117)
(64787,36)
(72691,37)
(93171,216)
(134995,73)
(73491,154)
(5683,236)
(77763,83)
(116659,195)
(114819,127)
(79171,56)
(109427,74)
(58659,24)
(65427,170)
(125635,194)
(66227,183)
(48691,33)
(13283,123)
(86931,217)
(26563,228)
(9251,168)
(80451,46)
(86387,167)
(111971,146)
(131683,122)
(137699,218)
(102067,228)
(9587,60)
(53619,204)
(63459,72)
(100595,58)
(44051,195)
(86995,67)
(27635,228)
(49651,194)
(82355,231)
(23075,134)
(102627,37)
(1859,218)
(28995,182)
(24643,111)
(31315,190)
(36835,72)
(60195,38)
(137459,170)
(108259,168)
(2227,33)
(100451,38)
(94243,187)
(62419,56)
(6627,181)
(307,225)
(2643,226)
(53571,195)
(28867,115)
(28787,236)
(110659,191)
(69539,151)
(79827,15)
(35747,132)
(123379,229)
(77539,104)
(60339,229)
(65491,50)
(112163,26)
(47059,106)
(89155,145)
(103267,140)
(73043,38)
(45091,86)
(106707,85)
(117795,191)
(60451,223)
(45603,235)
(51171,87)
(53811,182)
(116563,62)
(113795,188)
(134179,146)
(127363,45)
(134115,238)
(104067,163)
(3795,156)
(79635,168)
(91315,224)
(85363,105)
(109219,182)
(133011,85)
(60595,236)
(27347,187)
(61779,27)
(84163,97)
(84947,62)
(63283,183)
(136531,238)
(130003,217)
(109843,57)
(33667,48)
(98979,237)
(14467,72)
(72387,131)
(10467,182)
(71267,127)
(64227,131)
(126435,175)
(73587,180)
(95027,82)
(92179,121)
(12451,59)
(22195,120)
(134515,236)
(44147,146)
(66243,103)
(130067,145)
(10931,86)
(130387,170)
(78323,169)
(66291,87)
(97667,180)
(108787,56)
(2339,96)
(14003,215)
(122339,182)
(130051,38)
(131331,50)
(135731,229)
(133107,14)
(35203,182)
(6563,33)
(23219,217)
(133427,158)
(11107,109)
(65811,131)
(68675,50)
(10147,145)
(78835,81)
(131747,121)
(1427,48)
(127043,177)
(133251,216)
(135235,158)
(81635,238)
(111203,57)
(50611,135)
(126979,217)
(30499,55)
(128099,51)
(52163,238)
(4083,93)
(101059,59)
(107155,229)
(128003,105)
(83315,195)
(135651,231)
(57235,31)
(68259,190)
(95235,237)
(16547,135)
(22867,110)
(26067,121)
(96099,123)
(116307,229)
(72803,217)
(21507,239)
(103539,45)
(46227,37)
(51379,154)
(68707,238)
(85155,87)
(97075,132)
(97715,103)
(47747,85)
(120675,20)
(4723,146)
(82291,120)
(40963,216)
(87587,127)
(66371,217)
(60163,74)
(54083,93)
(16147,128)
(20355,231)
(48419,121)
(132947,158)
(15443,214)
(99395,217)
(98163,55)
(82563,182)
(73395,141)
(35363,216)
(123363,109)
(13011,144)
(3267,15)
(7411,236)
(57299,51)
(49859,168)
(25395,191)
(56467,213)
(130547,238)
(12755,230)
(4579,236)
(71011,109)
(59299,140)
(130579,170)
(71091,128)
(111491,216)
(106435,33)
(95827,122)
(47283,231)
(49635,127)
(87299,43)
(124995,84)
(133459,237)
(134691,62)
(106771,237)
(17987,127)
(61219,207)
(138243,71)
(47827,63)
(91203,97)
(94963,223)
(57155,147)
(131987,146)
(28083,238)
(71235,180)
(58307,230)
(116419,49)
(64819,191)
(72531,144)
(112371,237)
(83011,156)
(53027,238)
(106307,109)
(132691,191)
(88403,37)
(108499,191)
(118947,110)
(12243,218)
(96307,146)
(31219,182)
(107219,229)
(80163,231)
(37827,195)
(123667,182)
(26003,87)
(40227,123)
(48387,85)
(2307,218)
(531,97)
(117427,228)
(106723,238)
(1683,128)
(67427,188)
(124739,98)
(114403,236)
(119075,239)
(127875,236)
(46595,168)
(50787,122)
(104867,229)
(122467,226)
(32707,223)
(124675,195)
(67651,230)
(36387,140)
(7219,55)
(18003,177)
(116131,182)
(88147,36)
(39667,238)
(27795,239)
(76243,50)
(66627,85)
(84787,228)
(79987,230)
(82131,62)
(98083,44)
(36451,167)
(3091,189)
(72867,139)
(93331,158)
(115187,217)
(74483,92)
(19475,51)
(87123,177)
(39635,216)
(119091,111)
(1043,223)
(16387,109)
(97683,216)
(51651,239)
(27667,13)
(75459,183)
(109875,235)
(130371,231)
(82211,67)
(4979,218)
(70371,84)
(130515,223)
(46467,166)
(137891,86)
(64515,134)
(75795,214)
(84131,225)
(86675,223)
(98867,45)
(84723,216)
(84499,74)
(73635,86)
(92323,182)
(127587,231)
(101283,171)
(111091,133)
(109507,238)
(127475,145)
(136563,35)
(120275,230)
(77555,37)
(3843,228)
(14499,237)
(23859,104)
(8099,212)
(34515,135)
(44131,182)
(18883,179)
(55091,143)
(29715,37)
(47011,110)
(18115,15)
(20195,36)
(30163,26)
(55475,153)
(122547,217)
(14755,63)
(23491,170)
(130995,231)
(38067,84)
(133555,180)
(111395,217)
(77139,236)
(16979,73)
(32259,36)
(100131,121)
(131235,12)
(8387,188)
(2595,108)
(28691,36)
(53395,154)
(131907,48)
(37315,239)
(122627,183)
(85731,48)
(28947,133)
(135843,181)
(109139,236)
(22307,191)
(54131,22)
(39955,191)
(133363,216)
(5475,35)
(56835,181)
(3939,218)
(14819,167)
(129219,225)
(93379,93)
(119139,217)
(103571,145)
(136115,218)
(86003,158)
(79859,146)
(95811,212)
(89043,204)
(9827,51)
(79459,194)
(129251,123)
(130803,96)
(122931,231)
(5267,152)
(60579,128)
(18291,194)
(132931,120)
(27139,216)
(98611,74)
(113363,212)
(135619,118)
(98339,33)
(24035,237)
(77683,120)
(14323,105)
(33379,214)
(84659,237)
(109827,132)
(137251,120)
(6019,133)
(41859,33)
(16835,97)
(7635,189)
(72323,72)
(20643,107)
(10067,189)
(24163,130)
(30099,156)
(124451,194)
(26739,224)
(79411,120)
(103827,36)
(38691,190)
(42899,194)
(63251,98)
(136035,182)
(130403,36)
(15811,61)
(2547,116)
(67363,212)
(71059,224)
(117667,179)
(87443,224)
(97395,238)
(127683,92)
(96947,106)
(71891,83)
(8067,12)
(55651,45)
(63619,25)
(104611,50)
(78915,95)
(96467,24)
(123795,217)
(44531,131)
(25475,86)
(17891,34)
(29011,84)
(18211,127)
(36979,194)
(48771,36)
(7555,170)
(66979,44)
(66851,194)
(81603,105)
(86307,239)
(97827,32)
(128819,188)
(53187,84)
(44995,110)
(10419,15)
(20211,193)
(92339,119)
(82179,193)
(12291,193)
(82675,82)
(114691,231)
(4963,216)
(128275,143)
(75043,145)
(126355,182)
(47651,206)
(611,235)
(119523,224)
(60403,166)
(44819,182)
(118659,33)
(16947,236)
(82595,86)
(45587,203)
(88707,133)
(72259,92)
(63843,192)
(112531,231)
(113667,169)
(88019,216)
(4883,110)
(61731,229)
(67331,159)
(79363,194)
(113635,50)
(128083,134)
(48611,177)
(61571,231)
(16323,239)
(52723,217)
(94387,216)
(103043,71)
(92643,34)
(99171,111)
(109251,99)
(69811,182)
(43139,226)
(111267,229)
(23059,183)
(75027,193)
(122195,134)
(22899,38)
(61587,216)
(4195,27)
(67107,195)
(34387,62)
(96835,237)
(86083,237)
(38515,38)
(75763,191)
(134195,108)
(22499,156)
(100051,238)
(86787,122)
(110051,171)
(79939,98)
(39827,61)
(127763,228)
(41187,239)
(55059,228)
(123443,74)
(9635,182)
(124579,97)
(127187,164)
(40547,83)
(59683,216)
(39171,237)
(105107,237)
(110435,212)
(6611,212)
(136163,154)
(45267,35)
(50739,145)
(104643,224)
(94675,216)
(37667,61)
(56611,133)
(106419,55)
(5315,25)
(134819,235)
(61011,44)
(94499,238)
(9459,143)
(20915,237)
(19715,50)
(75955,195)
(98595,21)
(98835,73)
(91443,105)
(107891,229)
(125667,237)
(3699,189)
(44899,180)
(59139,122)
(97731,130)
(125491,178)
(118467,195)
(37107,106)
(106339,84)
(10547,229)
(127347,236)
(122883,120)
(89347,207)
(67315,169)
(20147,50)
(57187,187)
(23667,83)
(14531,236)
(739,67)
(39043,181)
(21939,157)
(41907,62)
(40531,193)
(16131,231)
(92723,158)
(101123,237)
(115747,191)
(5203,144)
(96691,194)
(100115,155)
(59539,167)
(100003,239)
(94195,203)
(24627,96)
(38419,228)
(37939,110)
(37171,73)
(88275,74)
(83283,177)
(76979,80)
(106643,187)
(121123,111)
(57427,56)
(83843,158)
(11955,231)
(120547,62)
(117939,111)
(90003,204)
(129603,239)
(84019,120)
(22163,139)
(33235,218)
(80051,228)
(93155,61)
(108275,218)
(291,110)
(12307,224)
(124627,127)
(755,80)
(76195,110)
(50563,107)
(41523,193)
(28163,217)
(124803,235)
(67683,32)
(8755,224)
(36755,105)
(19427,237)
(97315,56)
(355,48)
(30275,45)
(119443,182)
(30707,105)
(92019,48)
(133475,19)
(21347,73)
(29331,120)
(108179,92)
(80211,239)
(74211,69)
(89251,87)
(85571,235)
(98003,237)
(25507,229)
(107347,33)
(33555,86)
(69059,229)
(26179,238)
(82499,228)
(117411,108)
(84995,132)
(106899,170)
(12723,26)
(124787,235)
(28323,231)
(113443,15)
(106547,61)
(134979,176)
(88307,237)
(20067,164)
(90675,85)
(1363,144)
(12467,216)
(9859,61)
(126099,189)
(59027,106)
(128595,238)
(31251,238)
(47123,238)
(55459,22)
(106051,195)
(79155,238)
(111075,109)
(12851,81)
(52307,15)
(43459,144)
(73859,165)
(11171,226)
(114851,226)
(110787,134)
(83,127)
(20467,238)
(36995,70)
(34291,62)
(78243,44)
(42467,182)
(95059,120)
(97091,195)
(110979,74)
(71523,103)
(9795,108)
(85907,236)
(134227,230)
(105395,12)
(102691,55)
(137427,72)
(77251,26)
(114787,70)
(6755,216)
(17507,68)
(45235,193)
(120243,156)
(127459,141)
(80515,157)
(44563,120)
(15651,236)
(66323,236)
(135107,235)
(72755,96)
(83251,118)
(101523,71)
(128883,61)
(12179,84)
(119379,182)
(90915,20)
(42211,119)
(111283,158)
(13315,15)
(124131,217)
(32147,228)
(19123,182)
(58723,129)
(119475,85)
(62819,193)
(50979,56)
(79539,80)
(64403,14)
(26307,69)
(117475,212)
(105507,191)
(117331,169)
(123283,19)
(86883,49)
(10563,211)
(19555,96)
(98643,229)
(72483,216)
(134275,237)
(15619,194)
(22019,21)
(26467,231)
(69427,97)
(118595,169)
(109971,228)
(11203,168)
(17475,23)
(30003,104)
(137971,204)
(118803,70)
(81811,67)
(110451,218)
(70451,235)
(1187,175)
(76691,63)
(137603,182)
(114723,116)
(41123,237)
(101875,228)
(122899,98)
(97363,135)
(13619,144)
(110771,177)
(98387,230)
(8179,214)
(27299,156)
(81955,34)
(82819,120)
(113219,121)
(136051,187)
(40675,151)
(44643,166)
(51107,129)
(55011,193)
(25459,175)
(132195,38)
(39731,182)
(50467,217)
(62563,238)
(77699,212)
(131923,193)
(42227,84)
(63395,44)
(39891,91)
(14179,97)
(102659,146)
(103059,180)
(35187,238)
(31795,122)
(46531,128)
(86723,24)
(41843,123)
(41379,223)
(110851,135)
(42131,128)
(111987,206)
(48787,146)
(108435,127)
(129635,182)
(63171,127)
(95715,116)
(85987,81)
(104547,182)
(64211,152)
(4435,229)
(90291,12)
(88067,195)
(109363,166)
(90819,202)
(73779,142)
(75235,147)
(95283,61)
(129491,132)
(133299,13)
(8787,228)
(15859,195)
(62547,190)
(61075,239)
(87539,217)
(112579,110)
(112867,82)
(128387,38)
(134211,182)
(115251,14)
(73011,229)
(70323,239)
(13299,158)
(101507,238)
(101907,132)
(77571,194)
(58339,133)
(123635,205)
(86531,134)
(119219,229)
(47795,98)
(26035,229)
(125955,34)
(56483,237)
(113699,194)
(127251,74)
(31763,195)
(35939,237)
(48243,120)
(100771,214)
(8195,189)
(104451,104)
(46307,104)
(74291,212)
(94563,93)
(52467,120)
(88771,231)
(122755,182)
(69875,179)
(97923,23)
(111379,237)
(10947,191)
(20483,212)
(47811,84)
(16515,193)
(21603,237)
(125219,195)
(1651,239)
(26803,238)
(119907,43)
(112467,86)
(14579,73)
(45379,167)
(113107,93)
(89811,224)
(50963,171)
(84067,193)
(93795,73)
(129683,69)
(31747,131)
(104387,175)
(125203,43)
(86771,231)
(60899,239)
(73475,188)
(114227,187)
(1139,108)
(67555,133)
(120835,230)
(121539,47)
(8003,218)
(96339,217)
(136227,127)
(41555,231)
(120371,235)
(50531,181)
(133651,91)
(51779,170)
(70483,82)
(33075,181)
(58419,120)
(40323,239)
(65667,180)
(131187,226)
(95955,130)
(3539,231)
(25587,236)
(26435,165)
(17107,130)
(70435,26)
(84435,237)
(31923,168)
(22035,239)
(124051,142)
(123843,108)
(109475,183)
(27539,195)
(59603,194)
(103699,49)
(61635,82)
(12867,27)
(21075,31)
(15923,193)
(65363,231)
(128915,182)
(5043,130)
(52627,229)
(104563,237)
(136371,25)
(109523,38)
(4115,229)
(13491,183)
(50915,27)
(36467,189)
(43715,71)
(79347,85)
(84115,74)
(8691,168)
(57123,213)
(54771,62)
(131635,230)
(79427,123)
(76291,236)
(6243,191)
(16563,217)
(99779,203)
(103715,95)
(48755,91)
(107011,194)
(56083,74)
(19043,56)
(82931,118)
(76227,177)
(5251,195)
(100787,120)
(119779,228)
(137219,122)
(8035,85)
(41939,191)
(73411,182)
(87059,59)
(15203,109)
(19987,191)
(113123,37)
(30643,93)
(91779,217)
(100323,228)
(49443,75)
(56291,236)
(60835,213)
(107795,81)
(88259,34)
(103587,238)
(111715,223)
(28051,96)
(47459,183)
(93811,188)
(38467,238)
(120899,176)
(13043,143)
(135507,60)
(83267,239)
(16611,229)
(95123,239)
(107171,238)
(121427,179)
(111795,217)
(5571,48)
(100371,44)
(21971,228)
(92755,44)
(136643,169)
(63747,217)
(42643,224)
(26947,229)
(41315,188)
(13907,230)
(16867,84)
(58083,183)
(74915,229)
(104259,120)
(71475,135)
(66579,238)
(116691,229)
(87043,169)
(40755,72)
(27075,93)
(27875,45)
(53427,231)
(105667,74)
(63107,26)
(74563,191)
(58691,214)
(9811,122)
(91363,225)
(78851,158)
(39267,133)
(127299,226)
(118915,48)
(26099,170)
(109923,50)
(21203,239)
(35763,98)
(90275,127)
(92883,236)
(49619,86)
(122259,182)
(1715,82)
(46419,118)
(84931,230)
(104995,38)
(50435,236)
(91427,235)
(122643,180)
(94211,229)
(64291,44)
(74371,46)
(104531,36)
(59187,230)
(81091,110)
(99715,134)
(118883,191)
(20435,153)
(93091,144)
(104035,132)
(7395,235)
(51763,49)
(114387,228)
(40131,79)
(69299,26)
(94227,182)
(87779,61)
(33875,72)
(112739,237)
(78387,171)
(111779,190)
(16067,26)
(39443,192)
(116947,237)
(96083,159)
(103747,84)
(10531,239)
(105619,58)
(35395,238)
(9139,58)
(58067,133)
(6323,218)
(101571,237)
(19155,237)
(54739,84)
(22563,134)
(117507,51)
(126723,120)
(39779,228)
(3955,115)
(32851,61)
(97875,75)
(43747,83)
(99971,175)
(33363,132)
(130435,229)
(75699,192)
(97027,39)
(14835,122)
(34947,74)
(99891,146)
(110195,72)
(24883,229)
(40243,105)
(56179,226)
(132451,49)
(80563,229)
(109747,99)
(127699,237)
(84003,38)
(81251,71)
(112403,44)
(14947,12)
(18899,38)
(132467,131)
(30515,230)
(52403,191)
(45331,82)
(92371,170)
(130883,237)
(115827,239)
(12083,183)
(28275,157)
(2051,83)
(75427,55)
(25427,189)
(108195,119)
(46131,99)
(3651,143)
(129427,56)
(131491,218)
(4643,92)
(108947,179)
(78931,236)
(64467,26)
(132019,97)
(54643,45)
(26755,218)
(63523,180)
(122307,169)
(43667,230)
(137123,61)
(76019,166)
(86291,239)
(14659,26)
(66035,157)
(70355,86)
(115859,45)
(134787,228)
(77603,169)
(1971,142)
(76787,134)
(133955,73)
(71315,95)
(23027,25)
(68307,239)
(28403,60)
(106275,45)
(75395,216)
(53091,216)
(18371,31)
(40163,39)
(105443,229)
(40851,120)
(3171,32)
(125907,177)
(113587,229)
(99187,224)
(1475,103)
(43811,56)
(136243,236)
(132803,181)
(42595,139)
(19299,218)
(101331,182)
(17011,163)
(58051,117)
(24707,170)
(24915,237)
(107939,26)
(127491,180)
(121907,75)
(106883,236)
(20275,193)
(24595,37)
(55427,27)
(101411,133)
(105043,218)
(121955,132)
(48195,182)
(46003,231)
(50259,216)
(40083,238)
(94947,144)
(107491,46)
(85091,187)
(107235,229)
(138003,158)
(66019,239)
(7907,193)
(108627,181)
(68931,82)
(26835,36)
(121139,154)
(55907,193)
(24963,146)
(14899,224)
(130243,238)
(124147,239)
(8851,48)
(3347,199)
(28243,231)
(29027,170)
(85219,178)
(83219,189)
(116259,181)
(47107,37)
(48291,23)
(130531,236)
(41027,159)
(3891,79)
(27603,159)
(96067,237)
(137411,231)
(105427,189)
(67907,180)
(118035,31)
(134019,237)
(102995,230)
(32963,236)
(11619,44)
(116115,228)
(120387,239)
(14083,189)
(70819,193)
(69283,225)
(126483,231)
(12371,157)
(129011,85)
(95795,191)
(66099,98)
(86803,182)
(77619,230)
(123731,187)
(110403,109)
(126307,74)
(51363,81)
(12883,62)
(94915,140)
(57955,175)
(111059,235)
(24563,134)
(64931,146)
(116707,183)
(24259,195)
(15827,12)
(113299,231)
(130595,96)
(56707,128)
(33859,238)
(132147,121)
(41507,60)
(49923,182)
(125171,110)
(25923,194)
(99027,120)
(99011,166)
(77187,229)
(43635,195)
(48819,108)
(53475,68)
(58931,38)
(30211,81)
(1171,169)
(73667,146)
(134755,237)
(24099,224)
(59363,130)
(118771,238)
(79331,156)
(4547,159)
(61123,74)
(124227,25)
(121251,195)
(31299,237)
(100611,239)
(9747,165)
(3011,229)
(67091,179)
(56531,19)
(93603,182)
(39987,164)
(78595,122)
(21619,84)
(98019,215)
(60259,217)
(113523,229)
(122611,236)
(28019,239)
(56403,223)
(61331,86)
(68883,62)
(71219,216)
(24083,43)
(15347,226)
(30083,229)
(121331,72)
(77523,225)
(123299,218)
(127843,123)
(133203,24)
(89715,193)
(59443,195)
(15779,50)
(70611,49)
(29699,31)
(59347,236)
(97699,133)
(63011,238)
(31475,228)
(116371,72)
(18419,95)
(63715,122)
(91811,189)
(11235,134)
(26675,117)
(129827,34)
(55635,115)
(64723,178)
(123507,157)
(52259,73)
(59843,97)
(121779,48)
(37203,103)
(55891,216)
(79667,24)
(121043,72)
(81395,183)
(61971,238)
(122211,27)
(91139,43)
(137187,20)
(28483,86)
(6979,239)
(102755,229)
(27731,34)
(80067,231)
(104419,192)
(87635,127)
(32387,212)
(110339,60)
(63267,183)
(39075,60)
(96755,85)
(100691,239)
(46083,74)
(115091,218)
(106227,20)
(35283,152)
(72211,72)
(137907,192)
(109987,82)
(96643,231)
(7187,236)
(79251,239)
(118211,195)
(13859,120)
(27987,62)
(99651,188)
(33043,23)
(114099,228)
(96227,231)
(23139,131)
(133907,75)
(19827,109)
(60035,24)
(76739,128)
(59827,36)
(2179,44)
(125187,238)
(5459,24)
(14627,81)
(30627,37)
(58003,195)
(34003,87)
(43859,239)
(38115,104)
(42611,72)
(35443,131)
(108755,61)
(34659,13)
(25683,24)
(28467,84)
(89075,195)
(105603,236)
(112979,182)
(113379,237)
(65299,96)
(127827,62)
(94659,223)
(17091,163)
(12339,134)
(38627,230)
(44419,218)
(93731,92)
(83875,195)
(88499,140)
(25955,96)
(50691,223)
(61667,20)
(79011,106)
(15235,191)
(58995,142)
(2531,72)
(94051,193)
(71539,157)
(23811,94)
(102771,236)
(93539,195)
(101459,132)
(51187,69)
(100067,231)
(15683,226)
(26787,122)
(77667,98)
(15283,61)
(132259,36)
(89411,111)
(75491,225)
(11155,215)
(43123,229)
(87843,13)
(136435,75)
(88339,82)
(16707,169)
(76963,189)
(82867,169)
(1875,238)
(76131,238)
(50195,132)
(19347,238)
(52195,73)
(93827,34)
(113331,182)
(112675,21)
(3523,23)
(113043,154)
(75379,37)
(32227,56)
(65123,120)
(9571,20)
(48227,239)
(107731,235)
(129363,187)
(29795,231)
(1507,116)
(83155,218)
(2611,119)
(59123,236)
(57139,228)
(43507,229)
(91043,191)
(54259,92)
(81827,159)
(4387,228)
(59251,231)
(101475,216)
(96179,12)
(19859,163)
(59715,156)
(103683,61)
(67795,122)
(27235,119)
(37475,141)
(49347,205)
(83923,123)
(85555,187)
(132547,236)
(100291,15)
(32019,225)
(127139,166)
(100579,157)
(82739,116)
(65075,43)
(49683,22)
(57107,144)
(104723,105)
(5859,176)
(89443,154)
(24835,154)
(130675,190)
(34435,228)
(115363,119)
(58275,109)
(1539,72)
(23267,117)
(120531,69)
(51299,109)
(227,139)
(70995,189)
(93267,170)
(100675,145)
(16851,180)
(57059,169)
(129891,67)
(58163,121)
(136883,39)
(56515,81)
(81107,204)
(111731,223)
(133843,183)
(67155,191)
(130723,228)
(3427,216)
(121619,167)
(66755,146)
(94371,237)
(46195,171)
(51059,120)
(64195,226)
(31539,224)
(39603,216)
(7059,111)
(87219,50)
(37523,85)
(67731,215)
(90483,180)
(122355,238)
(112563,146)
(87955,230)
(89747,120)
(86707,238)
(51203,121)
(73443,238)
(87331,56)
(46179,85)
(12771,13)
(85139,229)
(78307,182)
(52387,21)
(131091,97)
(13715,181)
(117747,194)
(26899,127)
(14291,117)
(121507,236)
(12211,195)
(76835,85)
(87139,179)
(95907,181)
(16963,56)
(54963,239)
(61155,170)
(34803,235)
(70579,215)
(109907,180)
(39427,156)
(12739,181)
(50083,43)
(59107,117)
(111747,177)
(109619,134)
(52339,223)
(23475,239)
(34419,153)
(54595,181)
(136067,143)
(101043,236)
(75779,106)
(83619,86)
(90947,50)
(56579,157)
(127171,61)
(134163,85)
(41235,85)
(22003,224)
(21443,182)
(81763,238)
(13219,218)
(7651,212)
(12979,51)
(103251,168)
(53939,44)
(8867,218)
(105539,188)
(55827,98)
(67811,145)
(29923,103)
(103891,238)
(47395,98)
(85379,108)
(73811,229)
(18323,92)
(118691,236)
(25059,81)
(80931,238)
(78739,237)
(64803,237)
(54931,115)
(62579,111)
(6003,67)
(85315,86)
(18531,22)
(64963,193)
(67203,93)
(123267,165)
(4019,238)
(60643,134)
(80339,191)
(7971,146)
(11123,187)
(43411,239)
(62899,215)
(7011,134)
(61187,204)
(97251,236)
(71043,238)
(111411,229)
(73091,231)
(111139,12)
(12499,117)
(13571,178)
(84579,86)
(117603,73)
(118227,14)
(451,79)
(58099,236)
(48371,223)
(11187,146)
(23635,32)
(3875,48)
(33843,224)
(48211,169)
(10323,49)
(21139,111)
(49763,237)
(67299,110)
(128035,170)
(64099,214)
(97987,14)
(60227,176)
(123411,229)
(114867,87)
(44755,195)
(54579,238)
(98355,188)
(17059,237)
(81075,170)
(5539,131)
(83683,72)
(40419,146)
(102675,217)
(33251,109)
(120867,120)
(37011,231)
(35795,120)
(120467,195)
(20371,156)
(42563,130)
(70787,117)
(34755,35)
(131411,231)
(75875,147)
(71763,23)
(13923,110)
(124307,82)
(114451,193)
(96659,216)
(130275,182)
(71283,115)
(60243,157)
(403,56)
(59955,20)
(88083,236)
(83779,115)
(17219,183)
(100867,81)
(137363,37)
(18051,237)
(38547,131)
(115667,165)
(132531,192)
(63539,37)
(75363,177)
(48179,236)
(74899,236)
(74163,153)
(76355,238)
(111507,119)
(13827,180)
(74147,115)
(5363,226)
(31619,182)
(39139,84)
(51283,236)
(64435,97)
(112387,238)
(79043,188)
(20627,224)
(40643,56)
(46355,80)
(6307,85)
(48867,231)
(132371,235)
(50803,228)
(3747,145)
(65731,46)
(119651,188)
(138019,95)
(77427,226)
(20179,170)
(74547,194)
(43187,74)
(85235,194)
(38179,193)
(79107,72)
(101075,120)
(123075,226)
(135587,158)
(58595,182)
(125027,238)
(57587,36)
(137091,235)
(131571,169)
(37987,48)
(27395,87)
(119699,139)
(50115,36)
(55171,230)
(98147,12)
(31779,203)
(98499,187)
(39923,229)
(27203,189)
(6163,98)
(126707,223)
(83091,93)
(42499,170)
(128867,117)
(56195,191)
(41491,106)
(62611,132)
(38403,182)
(1699,239)
(4899,182)
(80771,14)
(6867,95)
(107203,225)
(14643,237)
(37507,71)
(67395,182)
(68467,32)
(15379,236)
(55923,214)
(49155,74)
(94003,106)
(4739,55)
(83763,195)
(109411,24)
(93619,14)
(61379,84)
(128195,63)
(499,189)
(136547,132)
(78819,231)
(104195,73)
(3491,79)
(108099,182)
(101379,47)
(102099,134)
(53507,170)
(4099,97)
(46691,60)
(83523,216)
(120339,187)
(87251,181)
(81539,239)
(69971,22)
(76947,204)
(17443,33)
(55667,63)
(43523,181)
(95763,170)
(110179,145)
(16883,44)
(82995,238)
(89523,238)
(24003,57)
(67139,194)
(100947,61)
(43363,218)
(26051,133)
(95587,145)
(74707,181)
(96035,236)
(83363,60)
(10643,98)
(119251,181)
(122739,120)
(7107,195)
(90787,228)
(89939,104)
(73027,178)
(2067,194)
(101539,121)
(125155,61)
(121587,128)
(113987,14)
(99315,133)
(52115,189)
(70627,121)
(21299,237)
(98435,165)
(23651,56)
(83427,183)
(91091,92)
(43043,109)
(36595,37)
(69747,73)
(35811,182)
(119155,132)
(44467,155)
(22179,230)
(63075,111)
(121107,80)
(18819,14)
(50883,32)
(33763,51)
(132995,105)
(2019,128)
(59635,12)
(102307,175)
(44883,230)
(67539,230)
(33539,97)
(120099,37)
(30595,168)
(68179,55)
(54291,27)
(133667,120)
(35587,183)
(98403,163)
(55299,37)
(111555,228)
(5075,224)
(106931,120)
(25539,38)
(68595,194)
(58963,80)
(66963,99)
(57939,169)
(54323,111)
(135251,188)
(115731,82)
(56659,115)
(7891,15)
(133283,116)
(62403,74)
(74323,238)
(79907,180)
(84755,163)
(4275,225)
(45043,191)
(2435,121)
(43619,194)
(90643,51)
(48515,60)
(93395,27)
(6275,135)
(15411,159)
(50323,24)
(30035,182)
(123891,61)
(69651,183)
(107907,158)
(130659,182)
(5027,120)
(75299,96)
(135203,188)
(52275,175)
(4483,72)
(45059,231)
(59555,229)
(32579,236)
(116739,229)
(111219,229)
(125539,97)
(62771,225)
(68579,200)
(123011,86)
(52883,79)
(57395,182)
(33891,182)
(86867,26)
(70947,33)
(62675,34)
(85059,33)
(87411,194)
(89459,49)
(73299,236)
(96019,15)
(61459,229)
(129939,236)
(93011,218)
(64451,237)
(103155,71)
(128627,118)
(131587,86)
(136707,121)
(26723,133)
(39363,48)
(43075,156)
(110083,85)
(13747,84)
(27827,122)
(80691,145)
(74067,213)
(75971,118)
(136403,168)
(89475,183)
(137955,62)
(50627,231)
(121715,44)
(135603,176)
(87315,237)
(102643,134)
(49747,180)
(123859,226)
(31123,239)
(64083,115)
(1315,105)
(4067,223)
(34627,56)
(70675,238)
(112499,108)
(131459,23)
(41779,56)
(85955,214)
(134883,23)
(129475,230)
(69155,230)
(96723,111)
(72979,238)
(101011,115)
(35555,145)
(64675,183)
(39571,44)
(24771,80)
(64707,130)
(33699,135)
(25667,115)
(60115,62)
(80467,238)
(31715,133)
(99379,182)
(84803,118)
(57987,111)
(77283,50)
(133411,20)
(44451,218)
(125059,163)
(104947,229)
(95699,13)
(114179,193)
(29555,211)
(21635,134)
(128435,224)
(129955,195)
(54019,182)
(34067,32)
(29427,195)
(2499,224)
(117587,236)
(15123,151)
(35875,15)
(66803,239)
(116867,193)
(23379,108)
(57859,55)
(80643,181)
(69187,188)
(33123,204)
(6259,158)
(137667,170)
(5923,105)
(13171,99)
(40339,81)
(11763,151)
(75123,139)
(98243,238)
(35891,239)
(103731,48)
(54531,237)
(41059,132)
(112179,49)
(136515,180)
(29747,171)
(106451,193)
(38291,62)
(91155,195)
(116291,141)
(123747,108)
(65027,72)
(55955,144)
(96323,97)
(20755,73)
(120995,230)
(77875,105)
(58259,237)
(64643,117)
(97587,19)
(83907,105)
(73683,99)
(95187,218)
(59411,236)
(19683,109)
(98195,96)
(65283,195)
(101491,163)
(14675,216)
(83459,50)
(67219,61)
(97379,238)
(117235,151)
(100243,133)
(128931,170)
(68947,155)
(124243,182)
(17411,214)
(54115,70)
(44915,229)
(109539,228)
(56243,183)
(105139,190)
(35923,129)
(122979,168)
(36099,24)
(339,168)
(5523,37)
(5747,71)
(71971,188)
(42291,238)
(63123,85)
(132723,179)
(20787,212)
(47875,110)
(120579,164)
(66131,189)
(47683,85)
(44035,86)
(17459,236)
(1747,170)
(58803,151)
(114915,87)
(113939,205)
(123155,109)
(117571,183)
(21683,239)
(36195,236)
(112019,85)
(87523,182)
(18355,177)
(96371,75)
(19907,47)
(10915,35)
(40723,57)
(11379,229)
(115795,69)
(74019,97)
(20611,180)
(91027,229)
(131155,228)
(2243,73)
(37443,56)
(62915,156)
(9907,71)
(126883,120)
(114371,182)
(49379,192)
(45107,19)
(111107,116)
(4147,225)
(54307,167)
(99987,177)
(82275,231)
(57379,67)
(112995,85)
(51571,134)
(17539,37)
(71075,195)
(68355,180)
(90259,190)
(88579,83)
(74979,13)
(93571,37)
(10035,177)
(38099,216)
(132771,229)
(111043,25)
(123587,235)
(45715,228)
(48947,120)
(19699,217)
(106035,134)
(9683,59)
(97571,120)
(1331,20)
(14131,45)
(43155,31)
(78803,109)
(15315,80)
(97555,79)
(94323,146)
(13059,236)
(111539,151)
(136787,228)
(104819,68)
(9667,43)
(68163,175)
(75635,237)
(89603,195)
(138435,22)
(123091,104)
(62211,107)
(136691,135)
(90051,93)
(78883,36)
(101107,73)
(64371,70)
(133443,43)
(134451,34)
(126675,144)
(38771,216)
(15091,193)
(127603,104)
(37155,116)
(56371,177)
(12323,145)
(65091,168)
(9891,121)
(102563,24)
(126611,68)
(66499,25)
(14915,158)
(128851,236)
(19171,144)
(94739,45)
(120323,228)
(59171,24)
(59315,95)
(92483,127)
(111587,120)
(22755,228)
(30803,86)
(64067,61)
(34899,48)
(87075,26)
(81203,225)
(103443,98)
(52803,193)
(97619,236)
(123603,13)
(76147,236)
(57011,178)
(64771,94)
(74995,32)
(103923,239)
(49491,177)
(79299,169)
(47699,238)
(78979,151)
(2931,50)
(40147,193)
(74515,231)
(21043,109)
(66467,145)
(10195,133)
(106963,212)
(111763,183)
(2659,195)
(96515,217)
(41667,178)
(29539,157)
(59587,236)
(19267,110)
(44483,239)
(80099,67)
(56755,87)
(15971,109)
(23699,236)
(29811,72)
(80707,50)
(101859,225)
(7923,181)
(32947,178)
(55331,206)
(61539,170)
(80659,84)
(18227,187)
(22483,94)
(17651,130)
(30387,237)
(20659,225)
(21955,97)
(7347,237)
(8547,178)
(37555,229)
(39283,50)
(82451,140)
(119107,60)
(23891,187)
(77011,80)
(32179,188)
(38755,181)
(130259,182)
(91635,145)
(10051,228)
(37811,206)
(32275,98)
(98035,195)
(73603,237)
(1059,237)
(73347,230)
(57043,171)
(46675,230)
(71731,121)
(22595,107)
(69219,48)
(69459,225)
(75651,120)
(129747,67)
(128771,129)
(46755,81)
(87555,127)
(96563,201)
(31987,214)
(13139,223)
(35779,93)
(41619,105)
(57811,168)
(119123,214)
(84819,236)
(74115,130)
(53731,98)
(133603,195)
(99155,230)
(34995,67)
(119619,199)
(131619,145)
(51731,177)
(20083,191)
(6787,181)
(25011,180)
(27587,169)
(124611,183)
(106195,229)
(137523,144)
(103379,45)
(73267,44)
(49555,180)
(11875,72)
(4627,23)
(15075,226)
(19571,215)
(111523,194)
(10899,49)
(137683,87)
(126739,238)
(113747,51)
(122371,21)
(46403,58)
(128659,231)
(67011,230)
(6835,229)
(125283,238)
(8323,226)
(65923,229)
(579,230)
(105027,73)
(75107,226)
(2563,157)
(133891,104)
(82147,229)
(53347,19)
(19331,229)
(3603,85)
(118243,238)
(98419,70)
(13475,237)
(10483,60)
(45427,24)
(37731,195)
(100339,63)
(5091,177)
(58227,145)
(72883,219)
(109155,206)
(50947,190)
(131139,226)
(55379,182)
(104515,195)
(118195,182)
(49251,237)
(26515,229)
(51827,237)
(80963,229)
(119715,239)
(129411,226)
(90579,84)
(110963,230)
(125875,236)
(3587,49)
(13779,108)
(136467,181)
(8483,48)
(101651,187)
(29827,182)
(51939,216)
(63763,37)
(137843,73)
(9763,45)
(11091,140)
(124547,23)
(60547,67)
(30243,55)
(12787,74)
(45795,32)
(63939,58)
(44947,170)
(71379,238)
(48339,216)
(67027,212)
(33923,181)
(49267,98)
(42995,237)
(63379,70)
(40595,195)
(115987,168)
(130771,188)
(132883,120)
(2755,212)
(51891,229)
(17779,47)
(23555,224)
(51507,32)
(88387,195)
(118147,31)
(49539,216)
(64595,20)
(92211,15)
(78771,168)
(51235,123)
(76419,169)
(69395,228)
(107187,142)
(118131,120)
(2275,131)
(19187,239)
(51619,238)
(130419,238)
(26595,123)
(54483,231)
(867,127)
(53219,236)
(127123,228)
(103347,120)
(3219,108)
(47587,127)
(1939,111)
(38739,182)
(76995,231)
(84355,193)
(84915,238)
(72563,37)
(60851,182)
(62467,38)
(18131,238)
(115811,97)
(4771,218)
(3363,115)
(25619,206)
(66195,188)
(127971,95)
(9171,226)
(77363,96)
(21475,231)
(116019,122)
(114611,190)
(6659,111)
(58579,14)
(95171,46)
(113955,230)
(59763,72)
(7091,48)
(2099,115)
(115651,110)
(46707,218)
(85635,87)
(92787,48)
(129507,103)
(61843,75)
(97939,181)
(98771,179)
(114643,230)
(76771,229)
(112723,48)
(92259,117)
(129763,132)
(112339,26)
(36515,223)
(97443,231)
(88611,157)
(15843,57)
(20307,187)
(105747,195)
(61651,169)
(101363,229)
(116323,132)
(69955,26)
(33283,216)
(66739,133)
(109283,191)
(101587,230)
(129555,81)
(109939,96)
(100387,217)
(42259,24)
(132755,69)
(115219,117)
(65219,144)
(59043,182)
(69603,213)
(74387,145)
(26211,166)
(24435,15)
(96595,238)
(64579,133)
(47859,50)
(91059,223)
(19235,168)
(19763,69)
(74035,121)
(56851,119)
(72339,218)
(48915,223)
(46787,194)
(35955,144)
(40883,82)
(119683,91)
(109075,22)
(122083,120)
(113459,231)
(84851,236)
(16627,74)
(43283,229)
(29187,230)
(26419,180)
(94307,193)
(124179,225)
(117731,228)
(36899,143)
(11987,239)
(15763,192)
(135075,24)
(55939,237)
(42275,168)
(71155,15)
(80755,229)
(94899,139)
(1779,192)
(36947,73)
(16675,225)
(49731,179)
(41459,165)
(45299,229)
(63475,144)
(68787,104)
(118387,190)
(88483,239)
(134067,24)
(120739,230)
(72147,129)
(133699,19)
(64563,187)
(129795,229)
(94755,218)
(125987,170)
(41011,216)
(84195,216)
(8995,72)
(103907,74)
(82531,170)
(127955,27)
(122227,72)
(86691,60)
(115059,182)
(105923,238)
(127523,24)
(5411,217)
(11139,195)
(97539,223)
(26547,127)
(54147,225)
(70707,74)
(97171,38)
(18835,61)
(19363,39)
(32307,238)
(121299,120)
(113475,183)
(61267,121)
(94355,19)
(107571,145)
(87939,169)
(113619,157)
(63859,223)
(18787,98)
(112963,145)
(5219,34)
(53107,86)
(135523,238)
(58675,236)
(6643,236)
(57763,49)
(60419,165)
(72403,178)
(64131,224)
(114211,179)
(62323,195)
(9059,99)
(77843,188)
(8435,156)
(61203,43)
(54691,238)
(54547,193)
(93235,177)
(77155,111)
(75139,168)
(81315,223)
(137043,62)
(20419,163)
(25731,26)
(76595,37)
(76659,97)
(2355,217)
(15715,25)
(4707,167)
(26707,20)
(127539,182)
(96291,24)
(72515,48)
(38867,108)
(3075,34)
(6403,74)
(24211,237)
(75731,61)
(89379,187)
(76259,182)
(126371,132)
(96739,120)
(108931,229)
(129107,50)
(132275,110)
(134467,238)
(61427,93)
(42659,177)
(133315,187)
(79843,228)
(52787,230)
(41763,226)
(125683,121)
(3059,82)
(52227,67)
(87491,50)
(23395,239)
(96611,228)
(136195,13)
(75251,145)
(32787,237)
(1667,190)
(91939,195)
(41987,229)
(37843,163)
(114259,237)
(30723,120)
(28515,25)
(36291,84)
(57203,235)
(129395,35)
(67491,120)
(102403,239)
(41395,14)
(82227,193)
(29395,13)
(102547,141)
(18803,96)
(115555,60)
(9539,97)
(118307,195)
(102147,36)
(129171,128)
(98739,170)
(62115,12)
(54995,228)
(32547,223)
(126691,142)
(106659,20)
(123107,230)
(75331,111)
(77203,26)
(104739,193)
(44851,153)
(109763,231)
(73059,141)
(126947,145)
(80195,121)
(111603,121)
(130211,38)
(34883,230)
(22803,47)
(42803,111)
(60819,47)
(92275,168)
(66083,182)
(17203,224)
(73555,189)
(120963,120)
(68899,229)
(23507,189)
(76163,195)
(114483,236)
(10371,145)
(23315,229)
(96115,216)
(60531,123)
(89491,85)
(50275,69)
(126387,229)
(135667,140)
(57331,157)
(7731,215)
(79507,37)
(101235,157)
(69555,169)
(103075,179)
(88819,237)
(74803,214)
(19315,230)
(102355,228)
(103651,235)
(21555,171)
(73203,228)
(110691,166)
(9395,217)
(35683,231)
(71715,68)
(30547,177)
(83939,43)
(127635,133)
(32451,108)
(134803,238)
(22355,195)
(19011,182)
(35251,183)
(54627,239)
(58371,238)
(56563,62)
(114419,97)
(39587,195)
(131811,229)
(55491,73)
(135811,73)
(59795,165)
(76499,218)
(39251,183)
(49475,164)
(136307,228)
(92067,73)
(8339,61)
(35411,45)
(20899,15)
(93027,236)
(19459,177)
(83635,12)
(110867,182)
(74675,94)
(82627,24)
(121891,127)
(78659,62)
(27971,109)
(64179,51)
(115923,147)
(85171,99)
(62163,170)
(71587,45)
(93187,170)
(88227,62)
(97907,168)
(106947,128)
(35267,168)
(42035,74)
(63347,22)
(36419,122)
(89763,229)
(103139,44)
(108115,20)
(110627,72)
(42355,153)
(15363,129)
(135875,153)
(19107,117)
(92899,68)
(59155,43)
(69379,230)
(3139,79)
(50051,26)
(61475,60)
(54707,25)
(37955,32)
(43875,132)
(126115,191)
(56547,229)
(75859,216)
(33971,188)
(20963,85)
(60931,61)
(81171,192)
(29523,83)
(69795,182)
(91491,166)
(60963,128)
(122035,45)
(117091,231)
(44307,194)
(117539,229)
(7603,230)
(104659,24)
(76883,218)
(71859,180)
(78867,180)
(83347,91)
(50355,182)
(96963,217)
(130867,31)
(28595,67)
(130483,106)
(32467,190)
(134611,37)
(71651,33)
(41427,12)
(23747,134)
(92707,217)
(133027,49)
(14611,103)
(31139,229)
(103091,223)
(105555,79)
(7315,12)
(40563,235)
(6851,229)
(122019,217)
(119011,158)
(70979,193)
(122499,63)
(61411,46)
(88291,182)
(112659,225)
(90419,120)
(106563,183)
(123571,214)
(21923,24)
(116435,37)
(21827,230)
(12019,12)
(118899,134)
(87651,195)
(34643,123)
(13523,212)
(105843,63)
(127411,75)
(74851,237)
(135139,95)
(91411,39)
(85587,187)
(118851,179)
(90035,169)
(54035,145)
(130899,236)
(62867,181)
(675,226)
(88051,22)
(80867,236)
(88803,120)
(63363,50)
(27939,236)
(71747,87)
(12003,217)
(124323,98)
(19539,230)
(47187,216)
(71139,31)
(90227,158)
(28979,170)
(55683,157)
(66339,121)
(59091,181)
(89363,225)
(114579,21)
(132307,229)
(129347,237)
(114035,238)
(75203,182)
(91619,85)
(125075,73)
(83539,13)
(9651,236)
(27555,228)
(43939,24)
(27507,182)
(99875,237)
(19091,70)
(14195,37)
(25139,169)
(64947,188)
(128211,195)
(77795,58)
(132627,129)
(95075,238)
(117683,181)
(4915,133)
(94275,146)
(122147,122)
(129571,26)
(79651,180)
(101299,121)
(31443,193)
(62355,133)
(123827,230)
(126067,37)
(8499,106)
(16195,56)
(125251,182)
(39107,105)
(86947,182)
(66451,191)
(74051,73)
(56147,237)
(33395,68)
(71299,109)
(7715,105)
(2515,14)
(89395,158)
(135459,26)
(109683,189)
(29971,21)
(7043,122)
(120435,35)
(80915,157)
(97635,238)
(92947,121)
(51667,57)
(101699,48)
(86451,106)
(16435,62)
(21235,157)
(85187,38)
(113395,122)
(78339,237)
(75507,60)
(78675,117)
(93683,205)
(1987,146)
(31043,142)
(28131,56)
(47411,19)
(55619,152)
(105411,187)
(100435,96)
(114803,134)
(129731,130)
(12147,194)
(36019,239)
(9987,47)
(107091,152)
(103219,56)
(100835,190)
(22099,239)
(83395,143)
(50579,145)
(114323,48)
(122131,230)
(122723,108)
(41731,228)
(61283,180)
(113315,156)
(118723,98)
(70755,133)
(69923,74)
(104403,237)
(71427,120)
(21091,37)
(57667,74)
(135171,229)
(79187,128)
(84883,180)
(89859,133)
(15667,122)
(110931,97)
(91571,218)
(68275,26)
(25235,239)
(128483,180)
(11331,157)
(57443,154)
(73107,121)
(105283,37)
(31203,207)
(34707,49)
(123875,73)
(5443,33)
(58451,44)
(21731,122)
(39907,63)
(132499,236)
(32819,216)
(115539,58)
(12387,193)
(36675,95)
(130691,230)
(5283,229)
(40051,141)
(11731,33)
(22787,239)
(72019,85)
(99363,195)
(132611,191)
(26371,224)
(9427,128)
(38563,169)
(47491,190)
(131283,182)
(99059,239)
(13187,133)
(115315,182)
(29571,71)
(36531,226)
(40659,230)
(2739,193)
(11395,127)
(44195,45)
(70115,187)
(21523,152)
(72675,228)
(71555,51)
(93299,86)
(60723,190)
(134739,165)
(30467,82)
(123139,58)
(50451,194)
(65187,15)
(5379,236)
(10595,182)
(41443,98)
(8371,194)
(110227,116)
(54403,159)
(38035,128)
(22675,216)
(67251,127)
(15043,44)
(32355,158)
(55571,43)
(63987,218)
(10787,122)
(93043,134)
(109187,85)
(80835,238)
(135395,67)
(56307,178)
(40899,157)
(128739,95)
(45971,99)
(27219,228)
(60915,195)
(18483,165)
(9155,169)
(22243,228)
(29907,169)
(113651,63)
(65795,218)
(81731,229)
(124259,190)
(134387,226)
(18339,216)
(93779,51)
(102835,147)
(41251,38)
(37971,182)
(30483,157)
(58547,237)
(136275,214)
(123235,182)
(26851,79)
(83475,165)
(86467,67)
(90195,36)
(76035,217)
(126771,218)
(86835,181)
(1011,129)
(126531,13)
(9331,93)
(21459,169)
(41571,39)
(72787,181)
(63491,195)
(88979,164)
(30755,104)
(64419,109)
(36723,237)
(121523,106)
(131827,118)
(125363,37)
(29171,175)
(15731,75)
(63091,181)
(81155,226)
(91267,144)
(39411,237)
(72739,105)
(130931,237)
(100899,108)
(126403,94)
(1443,188)
(31347,120)
(49715,239)
(49987,237)
(131555,228)
(80627,212)
(120163,180)
(24547,223)
(72035,146)
(6483,109)
(31187,69)
(110643,146)
(80131,71)
(7539,60)
(17075,182)
(15267,99)
(47603,193)
(125971,44)
(74131,70)
(36147,115)
(54179,177)
(38307,238)
(100147,235)
(9123,139)
(135315,157)
(78131,117)
(134547,31)
(74451,98)
(106851,95)
(105299,239)
(55363,84)
(13539,159)
(83987,15)
(121859,120)
(8675,91)
(24739,39)
(41139,187)
(59011,236)
(44723,228)
(88899,206)
(95523,224)
(114051,139)
(101747,238)
(74627,239)
(105971,193)
(114163,225)
(17939,56)
(33491,216)
(36083,238)
(133859,229)
(107075,127)
(136483,182)
(71331,91)
(43971,195)
(117379,194)
(16451,239)
(132403,144)
(9491,237)
(65955,188)
(88003,178)
(103459,15)
(47203,153)
(11059,195)
(6947,237)
(24899,237)
(44083,195)
(38339,180)
(53987,74)
(68211,235)
(116915,158)
(131395,134)
(7139,133)
(17139,171)
(39187,152)
(58851,95)
(109315,230)
(134899,47)
(62227,189)
(34915,109)
(116051,182)
(56915,194)
(100403,224)
(114083,55)
(40803,182)
(77347,60)
(25987,195)
(40211,49)
(94723,191)
(93427,182)
(6691,85)
(21747,216)
(29763,127)
(31107,168)
(120851,170)
(53299,139)
(99555,14)
(2259,188)
(119043,24)
(136259,218)
(136083,169)
(33811,239)
(68339,238)
(8019,166)
(9619,190)
(68323,106)
(36771,47)
(75075,12)
(121443,133)
(51139,214)
(116899,108)
(92243,194)
(78451,62)
(107763,141)
(28355,37)
(62515,193)
(69203,132)
(70659,231)
(30451,212)
(90499,182)
(123315,32)
(95731,191)
(55971,236)
(21779,216)
(80371,235)
(85939,132)
(75171,134)
(66819,75)
(8771,110)
(66947,83)
(130115,34)
(31027,55)
(109107,60)
(33795,176)
(45891,59)
(84179,132)
(10019,236)
(76307,45)
(30403,236)
(45699,236)
(99203,120)
(77091,68)
(7155,236)
(19027,238)
(5427,231)
(87011,82)
(1827,231)
(5603,228)
(115427,69)
(31155,235)
(113155,182)
(43923,239)
(82659,236)
(116835,182)
(16099,49)
(24659,224)
(40771,159)
(50339,238)
(33587,157)
(40819,193)
(133155,238)
(52035,170)
(102883,127)
(86099,33)
(80675,239)
(101923,107)
(72963,212)
(133219,119)
(47715,237)
(74467,27)
(38483,80)
(56691,226)
(100275,228)
(78611,86)
(30259,228)
(87283,72)
(118707,239)
(14339,26)
(28899,182)
(51475,61)
(27363,231)
(64387,168)
(10659,110)
(46643,33)
(126819,212)
(46947,143)
(109171,62)
(103843,98)
(28755,92)
(32403,96)
(18467,239)
(74259,120)
(64995,216)
(124211,193)
(106323,72)
(49187,230)
(137475,182)
(57699,145)
(99299,104)
(56419,178)
(24147,238)
(118547,24)
(128643,14)
(99795,110)
(46995,193)
(55555,83)
(44259,177)
(56051,98)
(76403,79)
(69683,129)
(80819,31)
(137027,123)
(105315,223)
(83651,84)
(108147,59)
(62099,106)
(134643,237)
(32611,181)
(67635,108)
(27747,127)
(31331,122)
(124099,51)
(81027,47)
(126339,154)
(2195,228)
(10435,195)
(55139,170)
(39747,26)
(72547,237)
(63923,120)
(86419,62)
(83699,120)
(39395,107)
(787,98)
(64035,70)
(68195,195)
(120147,119)
(76099,59)
(56995,193)
(29459,110)
(112323,217)
(125523,122)
(136099,158)
(66931,238)
(33171,218)
(19651,105)
(5139,85)
(34243,224)
(86115,224)
(52243,144)
(54803,22)
(1219,225)
(67619,237)
(102611,195)
(69667,170)
(74339,237)
(60707,56)
(118979,122)
(27187,144)
(15219,202)
(34115,15)
(92419,83)
(29411,105)
(102035,117)
(42707,24)
(771,216)
(115971,216)
(29875,80)
(49395,111)
(68371,195)
(102963,180)
(115587,179)
(88835,12)
(130355,182)
(100515,225)
(36659,57)
(3043,216)
(129283,223)
(103763,238)
(92995,226)
(92163,239)
(32243,239)
(33443,120)
(3555,134)
(49331,170)
(45939,45)
(45075,130)
(25443,170)
(112851,121)
(19219,177)
(46611,182)
(98275,237)
(108579,229)
(80323,96)
(69715,144)
(113971,189)
(117187,170)
(8451,15)
(84707,177)
(121219,238)
(95459,32)
(49283,98)
(114115,170)
(58611,147)
(136499,122)
(10803,190)
(1379,216)
(113907,145)
(102451,228)
(45955,109)
(49699,194)
(124291,50)
(116451,95)
(35859,61)
(18851,134)
(81523,120)
(107475,237)
(50307,123)
(24291,121)
(64899,176)
(17251,228)
(116083,36)
(65907,219)
(116595,237)
(93651,127)
(99635,230)
(128531,86)
(59459,229)
(54659,166)
(136771,132)
(38675,167)
(106243,94)
(40307,109)
(93923,122)
(53315,195)
(35571,115)
(1203,237)
(63907,122)
(137875,84)
(104691,182)
(77075,23)
(11347,238)
(124851,193)
(41475,177)
(37859,104)
(99859,226)
(90755,231)
(28883,223)
(57875,141)
(11027,60)
(27619,229)
(94531,229)
(76115,106)
(85299,110)
(81651,120)
(31267,189)
(101715,183)
(106067,111)
(44867,238)
(68627,195)
(26243,120)
(80435,74)
(81011,75)
(107667,117)
(4851,14)
(55267,215)
(116099,191)
(127619,169)
(114435,231)
(35059,231)
(132211,156)
(63299,38)
(31459,158)
(53795,134)
(96547,193)
(134419,116)
(2707,229)
(83299,226)
(100499,237)
(65235,85)
(109603,216)
(67347,230)
(48659,20)
(78227,207)
(66787,103)
(123987,127)
(101891,133)
(46339,236)
(25171,130)
(49955,60)
(25795,195)
(93891,224)
(96387,133)
(137795,225)
(90067,182)
(32435,129)
(71699,132)
(14867,45)
(71843,120)
(32659,71)
(126659,87)
(35123,181)
(22851,62)
(97971,110)
(65699,86)
(58947,194)
(125555,230)
(88883,26)
(78707,239)
(53331,72)
(54275,110)
(100995,61)
(27059,128)
(28499,182)
(11923,92)
(94179,236)
(48435,47)
(27411,109)
(5779,165)
(87923,239)
(97011,104)
(39539,231)
(43027,175)
(41203,182)
(82467,167)
(78547,216)
(19379,179)
(128787,147)
(41587,231)
(15699,190)
(22739,43)
(63507,226)
(128963,165)
(20691,106)
(20995,195)
(78531,168)
(136179,180)
(28179,182)
(125475,82)
(113507,193)
(4931,45)
(129907,71)
(14243,224)
(133075,36)
(7203,236)
(101027,34)
(7875,36)
(73251,238)
(123491,235)
(134147,238)
(44979,235)
(127715,98)
(37763,236)
(92099,175)
(39459,23)
(91827,60)
(30019,145)
(2979,218)
(87603,13)
(40515,238)
(14307,86)
(112291,146)
(83859,37)
(85779,228)
(124483,191)
(97459,202)
(89587,235)
(24579,235)
(129651,24)
(26451,31)
(48163,14)
(35635,34)
(101811,178)
(110371,122)
(55779,229)
(3715,200)
(70227,155)
(39523,239)
(34019,226)
(10979,226)
(60803,49)
(48595,238)
(64531,55)
(2131,69)
(103795,97)
(83891,33)
(82851,111)
(22931,180)
(118611,229)
(34339,48)
(92387,188)
(82051,75)
(85043,194)
(26163,23)
(23619,120)
(124371,191)
(2083,212)
(91475,34)
(82835,170)
(81795,104)
(102275,36)
(38643,226)
(133923,158)
(130019,195)
(119507,73)
(122483,36)
(102019,48)
(119187,96)
(32835,237)
(36739,212)
(50723,24)
(75059,230)
(7235,72)
(131443,119)
(84643,177)
(52355,181)
(52867,153)
(105459,236)
(117875,146)
(59283,230)
(38803,237)
(62147,236)
(93075,193)
(108307,191)
(107955,217)
(114707,228)
(129523,238)
(37747,216)
(88131,106)
(107459,154)
(62243,74)
(32195,194)
(72115,84)
(70099,224)
(44179,13)
(6883,169)
(98659,183)
(85827,132)
(117299,133)
(37027,236)
(6067,71)
(107555,218)
(43251,83)
(127747,58)
(10115,238)
(84035,94)
(100963,120)
(21107,98)
(98899,170)
(52995,13)
(87763,239)
(110531,143)
(68291,177)
(135715,121)
(16483,182)
(9923,182)
(87795,182)
(126179,224)
(48051,61)
(98691,97)
(14771,127)
(47043,86)
(65587,217)
(10739,60)
(40179,199)
(119059,110)
(119331,15)
(99075,230)
(42099,140)
(78419,230)
(120019,116)
(57891,178)
(71667,155)
(96003,25)
(115171,206)
(56739,152)
(21795,37)
(33155,96)
(38243,182)
(63043,218)
(88435,141)
(88035,182)
(22659,237)
(47075,75)
(1299,120)
(130195,207)
(64051,123)
(10403,217)
(41363,239)
(59923,39)
(66707,144)
(52707,168)
(18691,118)
(135379,85)
(65859,80)
(93859,217)
(14227,156)
(3507,178)
(36611,107)
(82883,230)
(81667,85)
(24227,191)
(49011,224)
(137587,235)
(50147,224)
(14035,224)
(113283,158)
(92195,61)
(28339,230)
(70083,238)
(35539,168)
(19603,73)
(13875,12)
(31171,146)
(8563,132)
(92451,223)
(53635,27)
(129139,96)
(119923,231)
(1491,229)
(16339,157)
(115411,218)
(72579,228)
(118051,33)
(102499,191)
(106611,191)
(1251,24)
(21379,238)
(7955,239)
(14995,122)
(40499,179)
(91731,195)
(38995,195)
(34259,62)
(53587,163)
(68515,74)
(41603,133)
(61091,95)
(95507,147)
(26483,180)
(129811,229)
(75747,57)
(37875,38)
(81779,193)
(5011,190)
(66915,157)
(4051,46)
(55219,180)
(63827,122)
(16227,50)
(116643,85)
(65059,74)
(94627,238)
(93107,118)
(93411,82)
(133139,182)
(98483,239)
(25123,38)
(113731,238)
(1955,217)
(8659,57)
(33331,26)
(3235,115)
(24467,127)
(79123,97)
(79955,97)
(68611,145)
(92579,239)
(122275,236)
(51251,225)
(16403,116)
(39331,31)
(19779,34)
(60627,238)
(125795,127)
(108291,86)
(47139,191)
(107507,24)
(47299,24)
(70179,216)
(10995,238)
(108659,193)
(9219,225)
(21283,144)
(58643,129)
(94883,12)
(41043,14)
(120227,32)
(109651,236)
(14515,190)
(122995,12)
(124435,83)
(71411,238)
(36243,122)
(27923,169)
(147,109)
(17843,224)
(12803,96)
(28259,36)
(137315,37)
(31683,217)
(66483,146)
(122947,204)
(17635,26)
(21699,130)
(64691,25)
(1907,59)
(30355,182)
(81379,157)
(82339,62)
(112787,74)
(98067,168)
(45987,109)
(110387,216)
(5891,60)
(95747,134)
(118867,230)
(104115,127)
(38259,231)
(42547,224)
(114515,25)
(128355,239)
(7299,73)
(79267,31)
(8723,238)
(104835,238)
(54003,144)
(34963,83)
(20931,170)
(120403,194)
(60611,145)
(91923,181)
(134259,153)
(46163,37)
(41715,175)
(28963,92)
(91971,127)
(30963,44)
(47347,168)
(26195,237)
(82099,152)
(116275,86)
(134099,230)
(80979,47)
(6803,239)
(94611,177)
(39619,212)
(124931,147)
(136627,145)
(17811,205)
(118275,224)
(83507,95)
(30899,108)
(63219,110)
(124163,91)
(104051,91)
(20947,194)
(119667,146)
(51043,167)
(91507,87)
(126275,239)
(20115,87)
(129059,116)
(51315,85)
(55987,47)
(93875,13)
(31235,49)
(102707,61)
(115571,62)
(8115,38)
(69763,98)
(1635,229)
(24819,131)
(127923,230)
(68531,239)
(124195,207)
(77299,238)
(100019,69)
(25363,231)
(105171,111)
(121379,120)
(81907,48)
(4211,230)
(123027,12)
(129267,223)
(23283,103)
(46931,38)
(60515,144)
(89507,43)
(133747,122)
(27811,236)
(117075,163)
(65443,218)
(85443,132)
(92083,182)
(117283,183)
(120771,228)
(23603,21)
(40115,179)
(51459,144)
(79379,177)
(59779,238)
(126211,230)
(98515,120)
(52531,147)
(49571,194)
(24675,156)
(26499,135)
(34979,120)
(127267,129)
(21315,23)
(4371,178)
(28371,146)
(90403,115)
(124083,238)
(70467,108)
(123939,189)
(65891,191)
(17427,108)
(36355,187)
(78067,193)
(135155,60)
(83027,14)
(40355,239)
(48547,194)
(23763,26)
(98115,44)
(75939,109)
(94867,26)
(78355,224)
(85843,27)
(95555,237)
(83827,80)
(110947,99)
(12995,182)
(14019,238)
(51715,194)
(70595,214)
(22451,13)
(75283,111)
(47923,188)
(52083,239)
(15939,155)
(76275,218)
(22547,107)
(3379,230)
(129971,239)
(52691,97)
(59891,194)
(88467,231)
(65747,237)
(48803,231)
(26259,181)
(36579,45)
(133123,153)
(67859,144)
(108707,230)
(18451,237)
(48675,50)
(65331,61)
(127027,171)
(1891,226)
(90163,46)
(11555,170)
(11651,117)
(42931,60)
(51923,121)
(54787,26)
(117155,217)
(117635,236)
(95139,228)
(45827,228)
(36035,182)
(70307,86)
(73731,86)
(101619,170)
(40403,62)
(56931,235)
(113411,175)
(128467,182)
(7251,235)
(136003,229)
(77443,179)
(92627,95)
(27683,218)
(106915,231)
(93347,61)
(45571,104)
(71603,237)
(131763,142)
(119171,39)
(49203,92)
(83443,25)
(7475,238)
(133187,86)
(75603,24)
(77507,213)
(13411,71)
(104019,157)
(88323,236)
(57507,72)
(107683,47)
(68419,143)
(7827,122)
(69827,134)
(97891,34)
(29491,128)
(22227,68)
(42067,70)
(42147,225)
(76723,74)
(99107,24)
(58035,141)
(132083,193)
(81299,217)
(88547,236)
(15011,57)
(24451,231)
(132227,129)
(51,193)
(14963,228)
(38979,216)
(88851,23)
(98963,182)
(25491,204)
(23411,121)
(61235,229)
(115139,170)
(92467,182)
(127859,105)
(62499,49)
(26963,193)
(68771,195)
(93523,48)
(76563,60)
(134723,146)
(34179,35)
(108563,120)
(66419,59)
(128835,229)
(54355,44)
(62131,187)
(62627,224)
(31571,237)
(46547,236)
(6179,157)
(10835,228)
(52755,109)
(25571,24)
(137571,31)
(66067,239)
(8579,72)
(32627,216)
(37459,147)
(125811,190)
(61043,195)
(130083,96)
(125091,165)
(61027,144)
(106387,129)
(126003,157)
(96707,170)
(91379,121)
(2579,204)
(72851,118)
(100707,229)
(3331,39)
(46067,224)
(62659,182)
(49139,92)
(115203,81)
(79923,239)
(128499,146)
(4803,231)
(31955,109)
(104883,181)
(27379,171)
(122851,231)
(133043,169)
(104291,38)
(48979,229)
(23331,15)
(26771,158)
(23043,91)
(49603,211)
(31523,231)
(133763,229)
(130611,104)
(127443,190)
(15875,239)
(24403,25)
(66723,151)
(59235,84)
(51907,97)
(78643,86)
(134003,229)
(92659,228)
(22275,181)
(118115,61)
(53283,59)
(122115,228)
(108131,146)
(36483,75)
(123907,60)
(30947,143)
(25347,170)
(67235,120)
(106867,195)
(95443,71)
(68131,144)
(16995,118)
(25523,61)
(46035,131)
(119763,230)
(129779,237)
(94083,237)
(29651,123)
(128067,37)
(129459,170)
(41955,195)
(40259,72)
(83587,25)
(111123,32)
(13251,237)
(11299,238)
(68643,134)
(23587,73)
(80291,62)
(113779,79)
(65539,87)
(86915,120)
(61747,120)
(118739,239)
(76819,36)
(101843,177)
(112547,154)
(65827,235)
(29987,74)
(42307,230)
(73907,193)
(27523,14)
(128563,86)
(76611,223)
(79555,74)
(93059,229)
(71171,229)
(133635,175)
(2899,99)
(19587,91)
(13331,231)
(79603,47)
(98467,134)
(130179,146)
(137715,238)
(97491,121)
(93491,129)
(36403,121)
(40451,86)
(103507,12)
(87683,156)
(138083,93)
(43539,38)
(80547,110)
(28547,226)
(117123,237)
(52579,71)
(127395,119)
(32051,182)
(135187,182)
(11683,194)
(81571,193)
(101187,110)
(79203,225)
(67939,132)
(77059,92)
(126323,97)
(123699,180)
(112275,229)
(119347,187)
(86851,55)
(8803,224)
(29603,228)
(54915,24)
(95427,230)
(16211,14)
(95939,237)
(126147,50)
(5955,237)
(6147,123)
(14115,82)
(17315,238)
(71779,120)
(48627,74)
(103299,211)
(3635,238)
(58755,182)
(47331,229)
(51395,146)
(77747,139)
(102227,229)
(48131,50)
(27475,23)
(4995,181)
(52131,168)
(123523,238)
(105907,74)
(124771,35)
(55539,218)
(129027,177)
(131267,171)
(69331,236)
(105779,116)
(45459,75)
(31875,68)
(102419,120)
(69123,48)
(78003,202)
(107875,128)
(69251,187)
(86819,156)
(116723,237)
(68803,179)
(119811,127)
(80179,194)
(79763,228)
(123971,223)
(122531,231)
(39219,187)
(60291,236)
(73843,60)
(102211,146)
(135027,69)
(29635,183)
(48883,193)
(119843,134)
(110355,212)
(137347,109)
(138131,144)
(6499,230)
(78963,156)
(57539,235)
(22419,216)
(78179,134)
(117811,236)
(91891,23)
(99539,170)
(18659,156)
(82963,159)
(76899,191)
(57315,120)
(84547,193)
(17859,217)
(90611,188)
(45203,37)
(115491,181)
(34499,32)
(106099,226)
(10675,36)
(118371,115)
(13075,60)
(134403,145)
(25091,38)
(33987,180)
(60563,131)
(70163,43)
(89699,223)
(6723,14)
(126963,235)
(136579,193)
(136723,226)
(66883,215)
(25715,38)
(28915,122)
(135427,170)
(81891,224)
(60019,239)
(78163,239)
(94131,205)
(21763,213)
(53827,204)
(10867,133)
(42083,228)
(68963,25)
(37587,215)
(119267,38)
(28531,144)
(90323,182)
(30771,182)
(82067,167)
(73939,230)
(74243,46)
(5555,169)
(36803,158)
(119459,195)
(131171,218)
(3027,215)
(63443,116)
(6355,131)
(60371,58)
(82979,99)
(99491,135)
(76931,127)
(62643,129)
(111443,239)
(136147,206)
(10275,217)
(37651,237)
(118419,72)
(4467,229)
(23731,188)
(132051,26)
(135763,48)
(74787,170)
(91251,37)
(129155,34)
(27443,239)
(53363,140)
(134563,217)
(82723,212)
(100547,110)
(113203,226)
(29843,168)
(67891,68)
(40035,85)
(125443,229)
(97107,67)
(116387,32)
(3395,131)
(29299,97)
(24419,106)
(9555,199)
(7619,182)
(30659,182)
(15987,230)
(88355,37)
(86659,170)
(17827,239)
(44371,187)
(63811,74)
(13235,230)
(36931,111)
(50099,169)
(90515,170)
(22995,193)
(95411,121)
(74963,223)
(105267,98)
(97475,157)
(84867,237)
(100931,79)
(1523,123)
(58899,14)
(127987,123)
(14419,206)
(37779,238)
(88723,98)
(29859,181)
(35843,120)
(65683,218)
(70275,235)
(25107,111)
(138291,214)
(137939,85)
(33267,225)
(109731,238)
(38531,34)
(53011,237)
(13027,39)
(81491,228)
(70915,217)
(117011,57)
(42163,133)
(26979,50)
(73715,74)
(109555,127)
(111155,26)
(64835,190)
(33827,213)
(9315,238)
(110323,194)
(78435,218)
(126547,135)
(4787,168)
(44435,128)
(53971,110)
(103555,203)
(96131,50)
(96275,178)
(36787,226)
(120003,231)
(98531,37)
(76915,123)
(132963,120)
(55811,218)
(86355,237)
(48739,169)
(14563,75)
(51555,104)
(131939,47)
(122003,58)
(44115,143)
(68003,12)
(16083,229)
(55283,216)
(28227,230)
(82755,120)
(108883,217)
(10707,226)
(22371,133)
(56899,133)
(68499,121)
(83379,237)
(17395,212)
(118787,230)
(128947,180)
(88675,146)
(22819,238)
(50035,111)
(126035,168)
(78515,128)
(96243,109)
(122771,121)
(69939,223)
(38083,169)
(42979,109)
(52675,224)
(99091,123)
(99251,228)
(64851,191)
(130467,195)
(108675,228)
(915,119)
(2675,236)
(4291,50)
(19411,181)
(73459,206)
(47555,157)
(48259,231)
(119427,122)
(97763,169)
(34563,84)
(243,230)
(58867,182)
(9379,57)
(122323,164)
(138323,72)
(62067,85)
(9235,193)
(46563,170)
(53555,195)
(59571,72)
(12835,229)
(99571,86)
(2915,36)
(41107,119)
(69843,182)
(55027,93)
(138339,181)
(110835,218)
(65651,195)
(80115,163)
(56131,49)
(108739,81)
(819,117)
(28739,139)
(21219,85)
(100099,194)
(3443,50)
(22051,129)
(85075,179)
(33475,212)
(53715,223)
(3827,95)
(72371,68)
(44323,26)
(129315,24)
(94691,170)
(8163,163)
(108371,120)
(120787,15)
(137075,60)
(130819,79)
(98947,195)
(95539,133)
(99283,223)
(67443,87)
(116483,119)
(126499,237)
(57747,192)
(23987,193)
(16243,228)
(75667,86)
(102291,147)
(61523,96)
(5811,86)
(68547,86)
(55763,106)
(100083,237)
(127571,79)
(129123,123)
(121971,237)
(16531,158)
(44611,84)
(87395,183)
(80579,236)
(66211,99)
(132579,73)
(137827,237)
(99,69)
(31651,228)
(37715,183)
(52003,170)
(42387,239)
(37635,230)
(16371,158)
(137395,229)
(47443,179)
(16035,224)
(120947,176)
(97507,62)
(84211,239)
(51011,93)
(84691,225)
(94403,228)
(94467,191)
(115299,239)
(83811,239)
(75187,45)
(37379,181)
(23779,182)
(31939,177)
(15523,236)
(35235,238)
(94931,238)
(104355,39)
(99683,212)
(21587,85)
(44403,180)
(53779,193)
(91539,39)
(50819,38)
(96995,95)
(61987,146)
(25651,35)
(29043,133)
(116339,127)
(53171,191)
(105059,32)
(76083,25)
(92147,156)
(104179,191)
(22691,51)
(65379,133)
(78563,121)
(20243,238)
(86643,44)
(91555,27)
(111475,84)
(65411,223)
(563,97)
(2803,31)
(131379,72)
(67667,182)
(86019,35)
(137235,122)
(134579,151)
(2995,177)
(38051,133)
(43395,189)
(106739,145)
(77107,168)
(61955,37)
(69363,33)
(57795,156)
(25827,183)
(36227,168)
(85715,127)
(135283,79)
(23251,180)
(79443,193)
(32563,120)
(24931,110)
(66355,156)
(108723,229)
(15635,144)
(108611,239)
(112419,223)
(65875,120)
(32483,158)
(66307,127)
(111843,85)
(79795,229)
(106355,96)
(93763,178)
(101971,212)
(25875,228)
(105571,81)
(133507,20)
(28819,110)
(47091,179)
(87379,132)
(45763,132)
(59699,157)
(59267,214)
(42835,231)
(19,217)
(51603,94)
(84451,231)
(103203,167)
(29587,97)
(18019,122)
(121875,73)
(14787,159)
(130979,188)
(22403,59)
(111427,237)
(116467,153)
(122051,217)
(56499,170)
(134371,229)
(69091,12)
(68099,79)
(82803,60)
(61363,155)
(40707,170)
(29091,72)
(20803,120)
(28851,175)
(46259,237)
(46483,158)
(62259,22)
(106291,225)
(119875,87)
(36339,71)
(16931,97)
(39123,178)
(125603,190)
(107699,60)
(117363,84)
(134435,236)
(105155,236)
(137507,231)
(111939,183)
(67283,60)
(123651,216)
(91795,108)
(136451,238)
(15891,73)
(108963,179)
(120819,37)
(47955,155)
(92499,20)
(67171,231)
(74099,85)
(46979,98)
(13843,215)
(51331,228)
(68867,72)
(106003,106)
(87171,59)
(128291,217)
(82035,214)
(31635,24)
(67267,48)
(26019,216)
(23347,181)
(22915,144)
(95475,60)
(65203,217)
(95251,127)
(52515,73)
(85475,195)
(118643,37)
(61891,228)
(81059,61)
(83715,130)
(64627,239)
(65507,74)
(112611,226)
(118995,225)
(26643,72)
(55443,132)
(56259,24)
(92131,146)
(135635,230)
(31811,85)
(35715,235)
(132419,81)
(17491,167)
(89923,226)
(42963,115)
(1763,117)
(67715,108)
(42019,115)
(113683,223)
(46371,207)
(14099,188)
(89635,228)
(5651,239)
(120723,236)
(125331,62)
(59907,191)
(70195,46)
(29123,31)
(21571,236)
(34451,33)
(136915,71)
(44019,12)
(125011,120)
(20819,110)
(57027,180)
(21155,12)
(56067,46)
(111955,84)
(7363,218)
(123779,122)
(82019,143)
(103011,84)
(124355,80)
(25299,38)
(13603,238)
(36067,85)
(51091,111)
(75571,97)
(58323,228)
(44163,239)
(92979,179)
(136611,218)
(7859,108)
(79683,225)
(126803,238)
(33603,238)
(70739,180)
(95571,190)
(35651,70)
(29107,195)
(45875,122)
(35043,157)
(43427,134)
(4035,123)
(66659,228)
(71923,228)
(10355,176)
(85011,182)
(11603,130)
(4307,195)
(77459,224)
(107283,231)
(40627,190)
(38707,216)
(31363,146)
(73923,216)
(138227,132)
(2211,108)
(15107,122)
(67523,131)
(89091,238)
(30787,237)
(103523,217)
(126259,225)
(61299,144)
(67587,32)
(134963,224)
(20579,85)
(50867,218)
(109667,169)
(124339,15)
(1283,216)
(94835,129)
(15795,72)
(6115,94)
(11571,48)
(100307,15)
(13091,239)
(19875,194)
(78787,85)
(121059,175)
(100627,37)
(63187,230)
(109347,119)
(947,175)
(82435,171)
(12611,37)
(67187,216)
(138467,181)
(53859,86)
(104435,181)
(82259,123)
(102083,236)
(13459,228)
(136323,224)
(67,195)
(39971,97)
(12899,230)
(132435,195)
(13763,225)
(24339,156)
(65171,85)
(90979,229)
(101203,108)
(4835,230)
(107651,111)
(138483,237)
(81699,80)
(44243,86)
(74083,216)
(24611,127)
(3763,187)
(52819,152)
(39203,63)
(65395,120)
(5059,24)
(88419,195)
(36867,230)
(81683,142)
(96851,237)
(57363,93)
(136339,80)
(117827,193)
(10691,59)
(55155,236)
(78499,107)
(86899,85)
(15747,235)
(45635,49)
(52979,194)
(6195,229)
(45859,115)
(69267,176)
(131043,228)
(67475,235)
(89731,154)
(52019,127)
(82515,103)
(23939,152)
(90899,97)
(39059,44)
(94019,230)
(132355,47)
(37603,182)
(23363,180)
(3299,236)
(7171,206)
(137859,217)
(99443,171)
(67379,56)
(108387,204)
(119539,74)
(54499,181)
(103363,188)
(58883,230)
(2003,239)
(130291,182)
(115347,191)
(77731,105)
(11843,62)
(20227,144)
(102851,120)
(35075,49)
(62691,225)
(100195,182)
(100483,228)
(8051,231)
(10611,231)
(23011,97)
(62947,203)
(114835,49)
