(57436,60)
(105708,195)
(86492,218)
(41036,23)
(81100,24)
(138460,24)
(110908,178)
(117804,170)
(81132,228)
(137916,218)
(138044,189)
(44828,225)
(112652,214)
(24252,129)
(63852,182)
(11852,237)
(131996,239)
(58716,171)
(71388,108)
(94156,237)
(115420,72)
(19692,164)
(128124,36)
(112860,26)
(67532,87)
(50940,57)
(107756,69)
(1596,127)
(136572,191)
(104460,182)
(3932,145)
(61948,158)
(72060,117)
(79852,236)
(21452,238)
(75276,120)
(103820,237)
(96732,121)
(55276,183)
(42044,134)
(54524,231)
(35420,86)
(70028,236)
(71852,93)
(125564,194)
(53052,236)
(55756,237)
(91500,47)
(79468,71)
(76988,236)
(63100,231)
(27628,74)
(49804,72)
(19036,177)
(113788,58)
(131628,55)
(79676,239)
(28412,31)
(104844,231)
(117612,239)
(103644,191)
(120076,14)
(120940,71)
(89020,23)
(14860,19)
(33548,179)
(56780,106)
(115452,116)
(114220,97)
(136732,85)
(42924,48)
(135244,165)
(138156,86)
(19676,86)
(95676,159)
(25116,229)
(60780,91)
(79404,238)
(36572,33)
(104588,120)
(83740,182)
(60028,229)
(47084,21)
(89052,228)
(91788,106)
(81532,110)
(72140,48)
(95740,236)
(121484,123)
(38060,79)
(21036,51)
(61916,48)
(68236,177)
(90876,74)
(34268,121)
(88876,183)
(73996,32)
(117724,39)
(23916,180)
(51740,62)
(76028,57)
(70956,238)
(125068,145)
(111884,239)
(62300,139)
(78284,107)
(99340,237)
(117084,181)
(85532,145)
(80540,195)
(136764,36)
(93116,92)
(48908,224)
(58748,229)
(13404,195)
(77196,49)
(100140,153)
(136524,118)
(64812,239)
(9196,181)
(5420,146)
(37500,231)
(88156,69)
(5708,99)
(95084,129)
(133356,230)
(134044,133)
(111436,15)
(9468,127)
(95164,94)
(70092,193)
(116460,20)
(114556,120)
(76284,84)
(87212,134)
(14188,96)
(67900,170)
(12508,145)
(10828,14)
(61148,187)
(36700,214)
(28572,56)
(25916,224)
(10540,194)
(8172,122)
(99884,229)
(46284,190)
(37068,129)
(29756,72)
(42188,62)
(63212,120)
(87564,182)
(71308,195)
(64444,230)
(2332,237)
(14348,120)
(22268,157)
(26492,120)
(136604,94)
(38764,204)
(20204,86)
(101756,94)
(25612,130)
(133084,192)
(136540,187)
(90668,225)
(18124,214)
(29180,236)
(31676,238)
(28140,85)
(98316,106)
(23868,239)
(111548,218)
(128108,182)
(44348,238)
(73356,237)
(103452,71)
(87884,111)
(93180,238)
(94044,109)
(13212,26)
(105580,38)
(70924,49)
(112780,74)
(92332,163)
(91212,61)
(38236,231)
(77436,130)
(121996,236)
(81980,239)
(6284,212)
(62316,238)
(116668,237)
(136204,215)
(33484,225)
(118684,224)
(66252,83)
(86684,73)
(14364,218)
(132620,228)
(2972,218)
(98476,179)
(108636,218)
(21212,72)
(47356,48)
(31900,93)
(59852,39)
(138204,180)
(81436,195)
(98604,31)
(89564,81)
(51100,46)
(88284,230)
(59324,98)
(28108,194)
(125964,207)
(51212,163)
(78268,134)
(14604,147)
(98972,170)
(115100,183)
(125484,195)
(33340,74)
(5260,74)
(79948,97)
(93260,95)
(87852,47)
(114044,182)
(7628,67)
(5148,62)
(137628,85)
(83884,23)
(39164,191)
(40428,24)
(96300,98)
(17628,26)
(61708,166)
(54876,207)
(42060,37)
(45884,194)
(74476,230)
(83548,236)
(34524,216)
(11068,236)
(57980,133)
(99772,32)
(109036,226)
(24988,237)
(26572,191)
(19420,216)
(8588,84)
(105244,145)
(136556,231)
(24284,239)
(125740,236)
(2412,193)
(37820,236)
(63532,110)
(65292,82)
(98220,216)
(90028,57)
(13260,117)
(92620,62)
(45404,58)
(26700,158)
(8572,145)
(58220,106)
(80044,152)
(98540,127)
(21532,37)
(34540,103)
(89116,159)
(132380,239)
(50124,84)
(105420,87)
(29196,122)
(78748,147)
(73916,82)
(89964,182)
(23548,225)
(95436,87)
(108460,61)
(86124,81)
(47900,177)
(83692,47)
(95996,32)
(98236,194)
(54604,236)
(68700,145)
(16604,182)
(123676,44)
(99516,229)
(30444,79)
(40812,224)
(68188,82)
(108684,146)
(22652,181)
(125148,97)
(13020,181)
(9292,121)
(48364,171)
(138252,194)
(105756,55)
(63676,38)
(87036,61)
(90924,144)
(1196,67)
(84924,224)
(57596,96)
(64748,156)
(66380,217)
(122556,225)
(118940,129)
(17436,229)
(85916,189)
(137340,48)
(90188,179)
(119212,236)
(66860,231)
(59196,238)
(84092,13)
(14636,216)
(3228,145)
(30268,176)
(3148,231)
(45356,181)
(132204,120)
(123612,164)
(126876,31)
(76124,187)
(97388,231)
(85004,182)
(76188,230)
(28156,98)
(3196,142)
(74636,47)
(37276,105)
(91532,69)
(98444,19)
(122844,157)
(40908,85)
(10444,238)
(16876,48)
(51404,177)
(111020,237)
(19404,238)
(43180,154)
(48860,21)
(11308,212)
(72636,97)
(21948,228)
(78732,72)
(137084,182)
(135580,195)
(43788,107)
(62924,224)
(47100,21)
(77212,157)
(65676,23)
(48540,166)
(132892,164)
(56508,129)
(15420,72)
(136812,223)
(100636,230)
(53452,237)
(25788,107)
(128556,230)
(29964,50)
(55660,144)
(124236,236)
(44764,176)
(71628,219)
(106028,225)
(12972,237)
(12284,63)
(16332,110)
(32796,164)
(54860,107)
(98364,24)
(64124,223)
(31484,180)
(32780,99)
(36156,224)
(48812,146)
(67436,13)
(8956,31)
(41020,110)
(8476,81)
(130204,34)
(28364,169)
(110956,192)
(49340,207)
(130092,115)
(23308,145)
(116732,23)
(81708,127)
(85644,69)
(396,118)
(22316,68)
(133788,191)
(84892,70)
(70140,67)
(91452,178)
(121916,68)
(68348,84)
(95276,12)
(50172,230)
(57676,238)
(20556,120)
(44396,73)
(66748,189)
(45516,120)
(116988,130)
(92220,67)
(130476,182)
(137436,82)
(78044,182)
(80092,38)
(113644,120)
(59052,239)
(128236,110)
(119676,110)
(27660,84)
(9148,26)
(21804,121)
(73852,49)
(41468,189)
(43772,134)
(75948,72)
(36492,238)
(3996,49)
(38732,50)
(128700,49)
(82636,170)
(60156,25)
(58892,171)
(79900,171)
(17692,152)
(51788,183)
(72396,166)
(137004,230)
(73500,44)
(129932,218)
(14524,238)
(23628,123)
(110204,228)
(87500,191)
(19660,207)
(19276,177)
(66620,69)
(102332,13)
(64316,96)
(40300,68)
(104252,153)
(97212,110)
(25756,187)
(40652,108)
(16716,187)
(12668,189)
(72508,73)
(69884,190)
(81932,235)
(26284,179)
(67884,121)
(113164,122)
(69132,96)
(15052,223)
(113452,182)
(75004,146)
(4012,193)
(119068,182)
(138364,236)
(106492,191)
(73868,168)
(46364,131)
(126156,199)
(85068,86)
(60956,83)
(71196,105)
(63516,239)
(71148,154)
(44588,226)
(58572,84)
(132092,20)
(40412,62)
(108668,20)
(127276,194)
(105372,122)
(54828,183)
(27548,116)
(59932,175)
(110668,215)
(78588,167)
(77692,214)
(98588,231)
(117356,26)
(102636,180)
(12412,120)
(12828,181)
(61468,155)
(16060,36)
(29948,228)
(96220,152)
(68860,235)
(65884,26)
(106588,168)
(72460,98)
(71772,170)
(49836,38)
(59068,143)
(16044,236)
(106572,133)
(67164,59)
(95596,218)
(95772,231)
(112620,193)
(137148,83)
(99612,60)
(55628,27)
(80748,105)
(3404,133)
(79356,228)
(54108,224)
(47612,181)
(88172,79)
(12892,111)
(17708,167)
(70316,223)
(106524,157)
(29708,13)
(33884,49)
(53068,217)
(37724,182)
(123772,96)
(116572,92)
(92476,177)
(134540,223)
(57740,117)
(93164,228)
(10108,235)
(124220,183)
(21660,229)
(38956,122)
(133996,85)
(52620,238)
(22156,146)
(21628,193)
(48300,72)
(128364,120)
(115516,187)
(4364,37)
(119868,181)
(40124,230)
(47500,122)
(11148,120)
(65644,109)
(27324,106)
(74876,122)
(14332,135)
(101516,67)
(95068,72)
(110812,157)
(9052,111)
(42732,230)
(30524,236)
(124988,141)
(101260,96)
(132972,120)
(120268,60)
(98860,205)
(11580,224)
(72764,144)
(7116,109)
(37996,239)
(80588,238)
(42620,120)
(69932,225)
(106412,216)
(130044,147)
(63436,144)
(137660,93)
(99228,94)
(72076,57)
(52140,133)
(89388,195)
(69804,59)
(51932,182)
(120396,231)
(31628,190)
(7820,75)
(74620,238)
(32908,55)
(74428,109)
(652,194)
(13468,191)
(18188,151)
(2748,130)
(30764,110)
(71436,157)
(90204,31)
(76,170)
(18284,110)
(53020,110)
(40236,225)
(117964,61)
(73292,98)
(96156,157)
(71900,62)
(124444,183)
(71356,152)
(47644,50)
(112812,133)
(113276,235)
(33756,236)
(22844,110)
(27388,238)
(1340,98)
(86092,228)
(52572,145)
(75804,109)
(96524,211)
(130604,44)
(24860,178)
(137196,236)
(13548,48)
(32220,74)
(130812,20)
(53644,191)
(96028,224)
(103436,206)
(69356,72)
(3340,230)
(22828,157)
(27740,32)
(63772,177)
(80796,85)
(36908,37)
(101868,183)
(87612,228)
(90828,190)
(95340,216)
(131612,178)
(109980,166)
(2780,95)
(61500,85)
(125132,228)
(101708,165)
(124668,230)
(59004,193)
(41628,154)
(96172,119)
(101612,230)
(4860,59)
(104124,121)
(111964,229)
(25772,139)
(48268,38)
(5372,181)
(118972,228)
(82172,193)
(11340,87)
(5756,229)
(39612,239)
(76380,50)
(60620,219)
(25948,179)
(45724,212)
(22348,35)
(81340,182)
(121036,19)
(126732,171)
(106700,238)
(116636,70)
(46764,25)
(68396,46)
(109692,109)
(108428,238)
(70796,133)
(34092,195)
(89804,35)
(33532,182)
(121676,236)
(18172,190)
(30284,152)
(34812,238)
(14988,169)
(102156,93)
(26812,191)
(101036,156)
(34940,60)
(27980,122)
(17180,238)
(126652,37)
(40204,122)
(54348,130)
(92764,34)
(45228,217)
(104316,238)
(106348,75)
(64860,60)
(67132,231)
(86076,55)
(112636,96)
(47244,183)
(116956,230)
(11548,180)
(25996,127)
(53180,175)
(39644,132)
(117948,121)
(104476,235)
(31788,24)
(97068,118)
(132572,22)
(79564,97)
(64476,213)
(188,230)
(15212,177)
(65084,180)
(60412,71)
(94300,86)
(109116,32)
(28876,230)
(54972,128)
(34620,117)
(126044,235)
(85676,216)
(85052,61)
(6044,51)
(52492,182)
(66508,229)
(124412,237)
(130012,24)
(64764,43)
(91612,47)
(90524,217)
(56940,24)
(30652,62)
(2380,188)
(18748,97)
(12924,144)
(50364,94)
(93644,60)
(95948,38)
(102028,238)
(53628,169)
(86604,183)
(20028,39)
(53164,165)
(74988,193)
(76460,60)
(122716,105)
(86588,85)
(77532,132)
(68060,60)
(71420,178)
(101500,239)
(54636,144)
(62796,212)
(131916,182)
(35596,83)
(90172,98)
(28060,117)
(68140,115)
(97884,110)
(102476,229)
(26620,188)
(59676,229)
(95052,146)
(4844,49)
(90428,223)
(119516,171)
(130508,180)
(39484,236)
(51692,85)
(31724,38)
(77676,72)
(46060,130)
(45804,229)
(95644,237)
(18556,56)
(118188,132)
(49484,71)
(56012,13)
(63164,34)
(77356,70)
(39564,154)
(54412,139)
(43916,217)
(67068,48)
(52012,98)
(102380,132)
(2316,105)
(84188,178)
(95916,127)
(83836,183)
(107676,237)
(112348,39)
(63692,108)
(112748,228)
(23980,182)
(89580,191)
(49644,118)
(66444,123)
(21276,195)
(103692,44)
(122764,121)
(114188,119)
(26364,49)
(58156,50)
(61596,178)
(132604,226)
(19884,182)
(83036,239)
(31852,177)
(105404,158)
(70556,99)
(6812,216)
(96476,12)
(66412,95)
(17532,195)
(45484,187)
(128860,14)
(46332,144)
(95932,13)
(50012,115)
(1980,194)
(78524,23)
(8044,49)
(75548,224)
(118252,120)
(100732,133)
(104924,238)
(67356,226)
(100844,19)
(4284,32)
(101100,36)
(12204,238)
(92012,230)
(39884,229)
(128012,75)
(113660,130)
(115212,70)
(46316,132)
(93132,116)
(45244,214)
(56604,121)
(123020,68)
(6540,183)
(22332,50)
(52668,187)
(85388,203)
(62268,238)
(87356,25)
(36844,177)
(88668,181)
(20188,191)
(4188,38)
(100700,103)
(8524,26)
(104380,123)
(102684,122)
(13820,85)
(122364,121)
(124972,191)
(134236,128)
(61724,229)
(21676,236)
(4380,19)
(72780,146)
(97036,12)
(35452,38)
(8828,128)
(49004,216)
(45948,195)
(66940,117)
(78556,142)
(88316,230)
(6572,62)
(78764,236)
(123436,238)
(70540,119)
(98044,213)
(119916,55)
(114748,168)
(60300,183)
(107452,236)
(1692,63)
(103724,145)
(17228,21)
(101132,156)
(134252,95)
(8508,116)
(133836,73)
(29932,170)
(73004,151)
(129532,182)
(61740,130)
(2684,44)
(76172,43)
(132732,236)
(74348,191)
(95036,200)
(17500,182)
(79324,58)
(132236,228)
(41564,231)
(132220,44)
(62012,177)
(49084,231)
(120332,36)
(135916,230)
(55196,27)
(32428,34)
(51116,195)
(66572,231)
(85404,171)
(33660,225)
(35308,91)
(26316,91)
(50844,145)
(120316,181)
(102652,48)
(136364,153)
(136828,122)
(134988,193)
(94492,58)
(57468,182)
(130172,200)
(86812,135)
(112668,98)
(66236,14)
(113676,182)
(14124,51)
(16284,122)
(18796,85)
(25372,120)
(57836,205)
(117916,231)
(137180,44)
(99292,223)
(9212,48)
(4748,73)
(2284,128)
(133932,236)
(26540,229)
(73084,188)
(90796,171)
(128604,194)
(22124,230)
(53740,207)
(76972,24)
(86652,212)
(97292,169)
(88524,96)
(93836,59)
(19356,59)
(47308,107)
(133164,228)
(76748,93)
(112956,189)
(76236,145)
(112316,105)
(101948,103)
(7564,73)
(50156,58)
(79148,82)
(128060,83)
(133132,106)
(12716,127)
(137836,82)
(51852,168)
(67324,132)
(91820,12)
(4252,105)
(71132,68)
(128748,63)
(118156,170)
(11180,225)
(37292,74)
(115356,182)
(51532,120)
(48044,168)
(41788,84)
(67004,231)
(68908,169)
(109804,143)
(74908,182)
(23036,236)
(24908,187)
(66268,239)
(124908,216)
(106716,229)
(65868,238)
(73532,120)
(25164,50)
(40716,38)
(57724,216)
(47628,23)
(124012,121)
(63228,133)
(11036,239)
(81916,195)
(8636,15)
(76940,181)
(132508,158)
(113436,195)
(91068,188)
(130380,147)
(126668,228)
(47708,69)
(37420,122)
(97740,170)
(55452,37)
(83948,93)
(84764,163)
(115916,122)
(107484,180)
(73932,193)
(90860,225)
(83500,212)
(64460,74)
(84940,39)
(121724,226)
(62988,73)
(7148,139)
(129724,236)
(78636,218)
(29468,225)
(81580,84)
(134396,48)
(31964,120)
(130492,58)
(127644,187)
(4476,189)
(22684,216)
(51580,231)
(75820,201)
(94188,191)
(27228,120)
(2892,239)
(126828,127)
(105052,182)
(31212,156)
(40188,111)
(118380,180)
(123884,194)
(29660,177)
(116860,122)
(119980,96)
(28476,13)
(37948,156)
(23500,142)
(59356,86)
(90636,34)
(23596,92)
(14220,219)
(64940,146)
(31308,75)
(21772,75)
(30124,84)
(107084,143)
(131852,99)
(76620,146)
(2108,73)
(38924,134)
(12444,170)
(99836,228)
(100972,216)
(86924,223)
(127740,144)
(33692,104)
(13980,97)
(137948,26)
(43580,157)
(5004,14)
(83388,20)
(24620,121)
(100188,118)
(125116,50)
(50508,31)
(104972,193)
(67500,226)
(15580,15)
(67660,93)
(93356,163)
(111868,168)
(13948,151)
(37740,152)
(14588,145)
(103228,238)
(5676,72)
(99740,225)
(113180,120)
(113244,85)
(129324,82)
(4060,49)
(8204,202)
(32476,230)
(108700,183)
(102364,229)
(111852,182)
(34028,99)
(43004,229)
(252,111)
(113004,131)
(1020,59)
(48844,235)
(7052,237)
(57404,133)
(19724,176)
(91580,128)
(82876,110)
(26972,236)
(88940,237)
(119292,187)
(70044,57)
(128188,55)
(130700,154)
(37180,237)
(45340,121)
(92076,62)
(124252,25)
(132652,127)
(38172,238)
(26940,127)
(68092,103)
(32940,96)
(123500,118)
(67388,154)
(37388,56)
(115196,170)
(50764,31)
(70844,224)
(65260,187)
(60252,85)
(48988,86)
(6828,36)
(132460,22)
(4028,38)
(20892,74)
(41516,105)
(92460,236)
(59740,73)
(106460,216)
(18652,117)
(88924,110)
(114252,182)
(114844,158)
(99596,71)
(22252,236)
(1100,238)
(53116,74)
(110300,39)
(114492,98)
(21900,188)
(33212,87)
(104620,238)
(11772,97)
(13852,48)
(89436,86)
(67964,187)
(122156,230)
(34556,120)
(29212,158)
(25356,187)
(61580,169)
(23260,33)
(31052,144)
(8156,46)
(78412,87)
(88076,239)
(27308,15)
(88140,34)
(19292,178)
(55100,96)
(104396,171)
(29020,104)
(77708,48)
(127196,152)
(123932,226)
(88652,217)
(114796,85)
(93820,193)
(2956,127)
(74796,178)
(74460,231)
(130844,182)
(56764,141)
(18156,224)
(35260,105)
(27612,87)
(121740,147)
(122396,225)
(133228,180)
(18892,238)
(31708,120)
(16348,117)
(75692,228)
(6876,36)
(44988,212)
(17772,99)
(58476,67)
(32892,214)
(71676,167)
(59388,229)
(45772,128)
(30460,145)
(101324,97)
(111372,85)
(69580,223)
(80492,211)
(67788,226)
(122876,169)
(9516,94)
(81484,74)
(51244,205)
(124380,238)
(28716,212)
(129852,230)
(19212,180)
(58012,158)
(87148,193)
(81084,147)
(68364,215)
(52876,127)
(57356,181)
(62620,182)
(72524,50)
(105484,236)
(128220,117)
(124348,98)
(35660,228)
(81516,95)
(49244,238)
(31564,110)
(111468,31)
(1884,239)
(9132,224)
(15324,25)
(2236,168)
(24684,191)
(23068,85)
(16380,63)
(25724,121)
(41260,182)
(7836,71)
(86412,182)
(40924,99)
(92524,176)
(35564,147)
(70876,95)
(508,108)
(118844,165)
(104716,118)
(26172,32)
(94876,73)
(98156,158)
(42252,21)
(94556,122)
(53500,142)
(113068,145)
(15996,154)
(59724,85)
(97468,217)
(103276,189)
(35276,194)
(111772,15)
(4236,237)
(21308,183)
(107148,195)
(35580,67)
(113052,229)
(33020,217)
(104236,86)
(34156,60)
(103084,152)
(76796,200)
(39068,177)
(104908,228)
(107404,195)
(68412,120)
(7660,182)
(99980,163)
(50300,130)
(86252,92)
(64508,144)
(42604,142)
(60700,211)
(17324,168)
(30172,73)
(117404,218)
(19628,187)
(52476,239)
(66332,230)
(31436,97)
(57484,56)
(32300,24)
(53388,94)
(41308,131)
(71260,55)
(60172,105)
(63868,81)
(72908,236)
(79340,98)
(76252,151)
(65820,153)
(49116,20)
(62252,183)
(53820,239)
(6892,238)
(101212,50)
(92716,179)
(56316,84)
(135084,195)
(57324,181)
(107996,229)
(124284,20)
(77996,62)
(91772,73)
(76684,43)
(134668,216)
(95212,96)
(64924,188)
(88812,154)
(119596,82)
(79196,230)
(85964,213)
(59804,239)
(135660,61)
(79628,99)
(83676,74)
(78236,50)
(43436,228)
(91836,70)
(121436,12)
(134844,118)
(137964,144)
(127564,104)
(41980,55)
(66604,175)
(117516,115)
(44284,236)
(75244,109)
(119148,73)
(77916,236)
(2156,230)
(43564,238)
(94828,212)
(87228,237)
(9916,145)
(110748,109)
(44044,235)
(69020,212)
(96092,182)
(29452,226)
(51500,62)
(51596,117)
(5180,86)
(12012,85)
(110492,230)
(35612,230)
(60348,13)
(113132,181)
(61324,60)
(122828,224)
(99020,195)
(118508,60)
(121868,97)
(74716,12)
(69612,133)
(59276,36)
(41484,23)
(64396,147)
(28492,217)
(83020,187)
(82972,44)
(55292,21)
(54140,146)
(23244,237)
(64204,46)
(125596,155)
(82732,73)
(25084,239)
(20908,218)
(119708,84)
(136956,237)
(45932,230)
(81804,171)
(94972,144)
(8076,171)
(45820,74)
(42236,224)
(97772,109)
(26268,73)
(121964,182)
(80396,216)
(75484,32)
(27004,120)
(65452,238)
(30908,135)
(30156,238)
(116044,144)
(19580,20)
(23900,58)
(103500,34)
(6908,24)
(25980,132)
(79500,230)
(119932,226)
(8012,191)
(116348,21)
(135148,182)
(25852,223)
(103596,163)
(47596,79)
(117708,14)
(109356,121)
(23404,127)
(5308,60)
(41964,87)
(54796,231)
(48108,51)
(42684,218)
(67516,109)
(135340,228)
(65596,182)
(41804,104)
(13132,201)
(49020,195)
(124844,193)
(32828,60)
(83596,201)
(48060,230)
(68668,49)
(53036,238)
(93100,86)
(32620,61)
(88844,229)
(112556,217)
(30188,163)
(17756,224)
(51036,183)
(95004,217)
(72428,91)
(127500,154)
(134348,229)
(18780,127)
(62204,179)
(17212,182)
(22972,145)
(66764,217)
(56092,194)
(133820,237)
(12956,97)
(67036,106)
(100812,133)
(104348,152)
(57964,121)
(87532,50)
(115836,167)
(106540,226)
(131388,182)
(10316,37)
(45436,132)
(108732,60)
(20588,50)
(130876,98)
(69692,231)
(22508,231)
(5020,200)
(106204,68)
(46828,96)
(16476,144)
(105548,116)
(105452,170)
(114364,169)
(64684,212)
(89356,225)
(13356,236)
(56428,71)
(65372,214)
(39036,179)
(113324,182)
(122380,158)
(17372,130)
(76412,97)
(77308,80)
(133244,111)
(55564,145)
(135452,108)
(78668,85)
(136908,31)
(29596,26)
(57292,238)
(62396,108)
(52444,73)
(117340,87)
(75356,226)
(45836,46)
(6620,157)
(14956,167)
(59468,47)
(136252,205)
(100828,24)
(94860,156)
(129548,26)
(53340,236)
(93612,39)
(129180,163)
(109868,229)
(91260,218)
(99484,169)
(77820,237)
(110428,81)
(107852,176)
(70060,49)
(13916,146)
(71404,38)
(101244,229)
(29980,57)
(125756,20)
(53884,97)
(78380,177)
(109292,98)
(68156,189)
(127452,36)
(37356,230)
(137100,93)
(117676,26)
(25868,223)
(120700,37)
(76652,57)
(91196,239)
(94716,110)
(89740,177)
(131676,177)
(47996,237)
(52796,226)
(94364,50)
(86044,134)
(9340,223)
(41356,59)
(106860,156)
(110396,59)
(8140,94)
(3948,59)
(22476,237)
(6300,203)
(31260,236)
(86140,200)
(124892,74)
(77324,194)
(117196,121)
(1260,229)
(27596,146)
(41388,236)
(7932,239)
(45980,168)
(61772,230)
(88700,217)
(28652,152)
(111932,121)
(100332,97)
(120220,236)
(111836,26)
(36780,45)
(69084,55)
(116684,189)
(44876,214)
(95148,12)
(21516,226)
(59532,85)
(123900,177)
(57244,180)
(42828,170)
(48716,72)
(80012,144)
(12044,97)
(33580,67)
(83052,50)
(15804,229)
(20012,228)
(14572,169)
(20412,229)
(35484,85)
(84348,237)
(57116,193)
(122892,179)
(64972,25)
(97644,24)
(111276,145)
(103884,168)
(107292,204)
(10844,195)
(64716,85)
(94684,153)
(24108,236)
(105532,31)
(84156,230)
(130556,178)
(60060,154)
(100492,60)
(33116,177)
(77116,127)
(33644,24)
(31932,217)
(67548,229)
(111916,27)
(125692,193)
(137788,165)
(29052,131)
(3420,108)
(82044,157)
(37916,187)
(33372,238)
(35500,228)
(86748,55)
(9324,212)
(128764,229)
(128028,60)
(65996,120)
(76956,225)
(80332,49)
(107164,23)
(47052,99)
(76268,239)
(126060,231)
(49612,238)
(44012,26)
(51484,218)
(91724,204)
(73148,105)
(45180,122)
(128300,19)
(134476,22)
(16892,190)
(133708,43)
(132956,107)
(82380,237)
(133196,105)
(72236,237)
(92668,229)
(89836,189)
(115292,237)
(118428,118)
(99692,188)
(118012,191)
(28044,20)
(129884,134)
(50988,237)
(88732,236)
(114300,24)
(92572,24)
(134444,191)
(102284,131)
(82780,62)
(49036,231)
(50620,87)
(107276,68)
(84956,61)
(39868,181)
(33788,87)
(119020,13)
(54380,106)
(89132,170)
(21580,239)
(42668,46)
(89596,195)
(13484,183)
(126556,147)
(90620,116)
(74396,69)
(85772,84)
(56460,231)
(19340,27)
(43740,158)
(43484,192)
(39708,36)
(35180,96)
(72332,57)
(70684,98)
(105804,146)
(21596,49)
(25212,122)
(114940,204)
(134316,97)
(29356,171)
(42220,144)
(133564,224)
(91132,169)
(131196,128)
(20732,158)
(85596,37)
(35676,120)
(83852,237)
(123100,145)
(18076,110)
(68588,31)
(32012,191)
(93436,229)
(42556,48)
(17260,39)
(69660,239)
(66060,158)
(137932,94)
(33180,195)
(66364,225)
(36348,170)
(61804,169)
(129788,38)
(96668,121)
(125948,238)
(73804,120)
(133548,224)
(84444,71)
(73212,171)
(77964,85)
(91996,181)
(134700,120)
(96412,181)
(97676,93)
(120060,190)
(9980,216)
(88188,143)
(117244,33)
(133772,128)
(125164,36)
(18588,99)
(43532,85)
(27084,226)
(120892,179)
(40460,144)
(35692,159)
(7276,56)
(106876,47)
(5612,194)
(3212,109)
(40140,177)
(112108,218)
(92748,231)
(12268,15)
(20172,93)
(133740,229)
(29276,38)
(25516,216)
(60796,213)
(18620,98)
(78700,238)
(62412,231)
(19468,229)
(92060,60)
(92908,190)
(6652,72)
(104524,168)
(14396,226)
(26556,50)
(20316,239)
(103948,163)
(110572,170)
(8780,159)
(54988,239)
(34412,183)
(37868,229)
(80668,43)
(103052,182)
(42396,120)
(115596,104)
(18348,129)
(85468,207)
(61276,81)
(90844,176)
(105964,86)
(7164,187)
(36668,49)
(15084,22)
(69036,85)
(55404,178)
(72092,215)
(44076,171)
(27772,225)
(67820,217)
(10220,193)
(128444,230)
(76556,50)
(41404,175)
(98508,239)
(101772,133)
(844,86)
(56140,51)
(135612,36)
(99324,239)
(32844,183)
(6188,225)
(43500,195)
(68380,159)
(55052,199)
(67612,158)
(85292,44)
(105676,98)
(59484,128)
(29068,180)
(87164,98)
(71596,109)
(128620,120)
(39212,23)
(67020,127)
(121788,86)
(2076,231)
(2828,109)
(10620,37)
(13052,60)
(31244,27)
(113468,228)
(116652,230)
(56236,237)
(128172,236)
(4700,199)
(89692,238)
(732,139)
(34508,74)
(21884,157)
(30684,228)
(130444,206)
(13900,94)
(137276,22)
(131324,226)
(37196,177)
(46428,39)
(63036,143)
(131580,44)
(51132,38)
(132492,190)
(73756,179)
(136156,32)
(19532,31)
(23836,192)
(104540,129)
(102796,179)
(69628,67)
(97436,60)
(35356,43)
(110652,168)
(13068,216)
(39980,129)
(1612,72)
(115564,237)
(13532,212)
(104092,237)
(114476,194)
(58316,230)
(77468,191)
(16252,45)
(108188,120)
(80348,127)
(51292,195)
(111084,181)
(124060,84)
(55068,15)
(66284,46)
(117980,133)
(47180,48)
(12060,168)
(29500,188)
(21292,106)
(83804,132)
(117036,191)
(24076,215)
(120140,179)
(127084,195)
(27564,235)
(99068,193)
(137580,238)
(114060,115)
(5196,231)
(15916,216)
(111788,187)
(83660,218)
(22284,195)
(29132,188)
(73228,14)
(89676,27)
(65628,231)
(26860,156)
(106172,237)
(72364,70)
(109132,33)
(48636,194)
(54700,238)
(51388,180)
(21612,14)
(121948,195)
(132060,228)
(12572,97)
(44412,68)
(17516,67)
(63996,230)
(119724,19)
(135468,48)
(26204,237)
(110940,218)
(20252,121)
(134588,109)
(4204,13)
(74812,218)
(80764,237)
(14140,216)
(37964,237)
(31100,225)
(50252,74)
(75852,178)
(70380,24)
(18732,46)
(102668,119)
(7676,225)
(93308,238)
(59996,236)
(6108,31)
(42300,109)
(81820,230)
(99404,61)
(11420,142)
(11356,44)
(74540,236)
(14428,216)
(56620,230)
(13724,141)
(128380,195)
(90412,231)
(4044,214)
(40284,229)
(412,147)
(7420,135)
(8028,97)
(13788,179)
(39468,169)
(112044,228)
(35708,56)
(103260,214)
(101068,223)
(115820,71)
(53772,182)
(51324,179)
(28812,228)
(78684,238)
(40780,74)
(128732,218)
(34428,115)
(65004,96)
(4716,98)
(98252,59)
(108540,223)
(43084,120)
(52108,177)
(97196,158)
(25132,98)
(116492,225)
(41228,121)
(106764,224)
(668,116)
(86620,228)
(47196,48)
(82364,67)
(102524,97)
(32652,166)
(129196,181)
(126444,190)
(124556,60)
(21868,106)
(113836,109)
(37900,230)
(113948,217)
(24396,231)
(25420,48)
(98124,61)
(63484,120)
(64908,118)
(96908,121)
(90764,187)
(34364,238)
(69964,237)
(56796,44)
(99852,98)
(124332,56)
(6444,127)
(59340,122)
(93484,128)
(67260,168)
(4652,63)
(45276,189)
(36524,239)
(76924,168)
(61532,48)
(74860,223)
(83292,51)
(107692,228)
(85820,38)
(103468,177)
(58540,230)
(103340,228)
(111228,48)
(17084,97)
(39356,117)
(43132,73)
(52364,132)
(3660,15)
(46012,181)
(130924,97)
(83452,237)
(45036,238)
(58204,169)
(99788,168)
(97052,224)
(57644,181)
(130988,24)
(112188,238)
(22140,25)
(34860,133)
(23084,56)
(78092,239)
(99964,226)
(65964,92)
(125500,231)
(62764,170)
(96556,195)
(29628,143)
(131004,43)
(134620,238)
(66524,218)
(57772,169)
(65900,180)
(136476,228)
(43692,58)
(17452,183)
(36540,182)
(26236,231)
(94956,47)
(13868,237)
(43340,120)
(74108,57)
(113756,181)
(131980,74)
(132668,97)
(44316,169)
(80284,49)
(3564,187)
(41292,110)
(37676,230)
(73116,79)
(4492,44)
(604,105)
(92028,215)
(128940,229)
(62556,13)
(115868,180)
(12380,87)
(109996,86)
(47676,165)
(84060,80)
(102860,34)
(100092,26)
(136588,46)
(95292,180)
(117852,47)
(37228,84)
(34236,127)
(23580,182)
(22604,43)
(91916,195)
(94108,127)
(116876,36)
(100044,111)
(89644,157)
(14748,163)
(56300,228)
(16172,190)
(90652,116)
(17468,178)
(60428,181)
(83100,178)
(4780,22)
(22300,25)
(26012,106)
(91852,24)
(3436,237)
(5324,46)
(12540,36)
(48172,195)
(111260,132)
(37596,191)
(113484,122)
(124812,169)
(1148,24)
(85340,44)
(120492,194)
(91116,217)
(133676,230)
(114508,14)
(118172,182)
(88684,180)
(96332,82)
(125900,238)
(126204,84)
(16812,84)
(460,79)
(6940,193)
(70812,239)
(93900,170)
(84828,195)
(56668,231)
(111532,134)
(2092,79)
(50348,178)
(103180,188)
(45468,19)
(48156,74)
(6684,92)
(6764,235)
(35900,238)
(106012,56)
(59820,238)
(32460,37)
(98076,86)
(82060,24)
(41436,110)
(74652,117)
(78988,117)
(108796,182)
(137292,191)
(87260,44)
(92044,195)
(10124,62)
(100284,39)
(22492,224)
(84972,191)
(102956,123)
(49884,129)
(115980,58)
(5932,49)
(134716,229)
(44428,118)
(43836,190)
(22812,236)
(16844,239)
(125820,14)
(119036,134)
(133372,95)
(61292,24)
(113980,72)
(3500,32)
(36268,120)
(117740,51)
(97564,182)
(99116,224)
(20780,226)
(124636,223)
(119164,231)
(49932,91)
(85036,48)
(124396,223)
(51916,36)
(101564,230)
(30860,127)
(76908,182)
(8348,38)
(80380,85)
(123388,236)
(135868,146)
(125276,34)
(17388,96)
(19452,37)
(85580,49)
(92860,97)
(16444,110)
(60908,225)
(93244,25)
(128876,38)
(118460,154)
(51772,193)
(112220,62)
(59900,98)
(80364,36)
(97660,127)
(57884,179)
(60732,191)
(51180,237)
(67932,223)
(31836,195)
(69116,180)
(71372,191)
(93804,183)
(106652,23)
(29916,38)
(35772,216)
(6668,96)
(79244,72)
(3180,218)
(126972,218)
(36060,226)
(11532,237)
(74220,230)
(3980,109)
(25324,131)
(53964,127)
(56060,239)
(102572,128)
(796,228)
(23532,223)
(74012,141)
(85724,39)
(81788,109)
(63004,51)
(236,133)
(62524,239)
(316,117)
(114444,32)
(46588,182)
(113148,23)
(37628,67)
(126540,105)
(28604,91)
(11820,110)
(129628,182)
(135004,237)
(27116,43)
(67692,72)
(132156,132)
(103292,25)
(5964,182)
(133532,106)
(20972,237)
(23340,63)
(70460,84)
(5484,195)
(70716,121)
(33420,225)
(40956,83)
(103708,157)
(102972,79)
(13196,139)
(39676,170)
(43852,152)
(54332,214)
(89788,120)
(61452,228)
(75308,133)
(38668,181)
(121756,217)
(57788,239)
(1532,55)
(89996,146)
(55932,82)
(41100,44)
(107980,156)
(38972,195)
(11484,167)
(51900,229)
(78124,237)
(35788,142)
(94924,193)
(10684,48)
(7468,38)
(40620,104)
(108828,128)
(129740,191)
(137804,237)
(79708,239)
(49948,217)
(137228,85)
(22380,141)
(120460,187)
(15756,217)
(121884,69)
(74700,212)
(10252,58)
(56972,158)
(138284,178)
(71580,154)
(34220,193)
(116012,180)
(138076,230)
(57852,73)
(84428,19)
(108380,228)
(76156,120)
(5084,182)
(118284,238)
(135628,86)
(37852,236)
(83196,181)
(96684,71)
(109180,13)
(120556,33)
(39100,60)
(37580,215)
(75788,50)
(87452,187)
(18764,238)
(17148,50)
(123116,193)
(22636,238)
(100108,229)
(120204,72)
(8108,60)
(116972,156)
(11164,145)
(98844,111)
(8716,193)
(40172,187)
(52636,108)
(115020,182)
(125036,223)
(10988,108)
(63084,223)
(121980,103)
(4540,61)
(113084,236)
(11244,108)
(127164,239)
(120252,37)
(22460,50)
(31228,71)
(31868,39)
(20492,44)
(97852,212)
(13692,140)
(137484,86)
(83932,237)
(32492,182)
(8924,81)
(131116,56)
(25900,213)
(115180,224)
(69100,158)
(78956,33)
(115884,48)
(18572,104)
(137468,86)
(43404,55)
(8908,39)
(89260,110)
(32972,67)
(94012,83)
(115628,47)
(135420,85)
(33612,74)
(7900,191)
(29244,75)
(2220,168)
(41868,200)
(120540,84)
(10732,226)
(86892,192)
(67916,49)
(111484,218)
(5916,194)
(25196,109)
(94620,163)
(300,182)
(119356,12)
(26604,230)
(101148,239)
(37772,121)
(57196,178)
(138412,231)
(36764,163)
(8988,49)
(120300,237)
(812,120)
(65212,230)
(88012,195)
(5228,144)
(118540,68)
(108156,195)
(111676,190)
(121468,212)
(113260,237)
(126716,109)
(18252,23)
(126316,35)
(83532,216)
(67340,85)
(81052,146)
(27260,229)
(7100,51)
(116172,98)
(10860,155)
(41500,218)
(137996,13)
(90284,228)
(3692,238)
(125340,224)
(28972,223)
(130956,229)
(16780,108)
(31884,122)
(117500,168)
(119004,229)
(135196,105)
(3116,181)
(10044,96)
(83820,206)
(72300,178)
(19308,156)
(75676,238)
(105948,216)
(90332,127)
(82796,231)
(26716,202)
(83308,230)
(87980,218)
(71004,191)
(17164,229)
(46476,239)
(2508,237)
(36012,181)
(92924,35)
(61836,195)
(47068,216)
(14380,134)
(81756,228)
(91628,216)
(68540,231)
(18908,177)
(68892,35)
(101484,128)
(100380,229)
(32700,25)
(19180,215)
(87084,168)
(95516,72)
(124572,165)
(79756,216)
(53788,228)
(114764,14)
(60284,182)
(61484,119)
(109740,95)
(51756,170)
(100508,229)
(111516,217)
(38908,218)
(108588,144)
(82124,68)
(112940,139)
(31196,183)
(73516,84)
(30828,117)
(95612,237)
(112396,110)
(101228,228)
(135964,143)
(125916,31)
(76428,120)
(98140,236)
(12940,169)
(33052,139)
(16700,97)
(135212,19)
(18956,110)
(62956,178)
(38652,61)
(72476,107)
(31324,37)
(128972,43)
(5740,188)
(14092,237)
(138172,25)
(36076,238)
(108988,120)
(130284,176)
(39820,69)
(31132,194)
(65724,67)
(135900,195)
(111340,147)
(15852,181)
(104732,26)
(135388,50)
(24236,140)
(6268,26)
(88620,44)
(82092,195)
(98428,25)
(43548,165)
(18844,19)
(29804,230)
(26108,230)
(1580,47)
(52892,191)
(28508,146)
(69532,229)
(91932,132)
(61180,237)
(66732,183)
(15004,182)
(128508,181)
(40732,218)
(61116,165)
(103628,212)
(2524,182)
(122108,229)
(47532,110)
(118748,238)
(13740,98)
(3804,97)
(77228,122)
(66124,93)
(90892,171)
(137820,231)
(98060,105)
(125804,83)
(47276,230)
(444,230)
(23228,229)
(46892,178)
(99452,97)
(123836,27)
(77452,122)
(89084,239)
(8796,120)
(89004,230)
(98396,121)
(114988,74)
(60316,21)
(42348,169)
(98028,25)
(83148,237)
(6636,104)
(45548,60)
(115500,115)
(66220,217)
(32876,144)
(87724,50)
(106044,182)
(122348,23)
(28796,55)
(43468,20)
(50476,109)
(2060,229)
(18604,109)
(130428,229)
(84140,106)
(129404,228)
(64588,170)
(129772,238)
(61644,163)
(47132,217)
(84908,182)
(34732,239)
(96940,180)
(67372,75)
(66716,15)
(33868,226)
(44572,49)
(19052,98)
(134908,229)
(88828,178)
(6236,15)
(87116,217)
(101884,130)
(105644,230)
(27068,238)
(110060,229)
(88204,157)
(126332,231)
(13116,229)
(67852,70)
(80844,95)
(81308,235)
(57004,236)
(37644,235)
(43372,26)
(50220,190)
(133436,129)
(40636,153)
(23420,130)
(138300,59)
(48012,229)
(36380,229)
(117308,228)
(126236,86)
(49820,95)
(14316,96)
(123404,122)
(8860,237)
(24428,178)
(72108,229)
(72796,84)
(48972,82)
(54284,201)
(67212,97)
(29324,110)
(39260,129)
(46460,175)
(65804,236)
(83468,216)
(97164,55)
(72172,238)
(130268,15)
(24300,36)
(16140,226)
(48892,235)
(55244,190)
(23132,170)
(51804,130)
(77084,134)
(32860,154)
(135500,50)
(42716,193)
(37020,111)
(121052,38)
(12,216)
(100876,71)
(44188,224)
(55036,135)
(66796,182)
(73676,85)
(68428,141)
(5244,191)
(59564,153)
(76140,229)
(23100,235)
(69644,60)
(84044,44)
(56252,146)
(6476,212)
(13580,195)
(47292,23)
(77052,182)
(130892,120)
(128812,237)
(89148,61)
(49228,182)
(100540,110)
(34188,49)
(2188,13)
(3324,80)
(63820,36)
(122572,119)
(65788,178)
(75724,213)
(30492,62)
(70300,145)
(101820,170)
(102844,231)
(65436,229)
(1068,108)
(636,168)
(3708,39)
(27148,46)
(57180,167)
(10636,133)
(67244,55)
(92348,92)
(20508,169)
(93564,39)
(67628,239)
(61228,35)
(45628,49)
(108220,167)
(78716,238)
(30668,121)
(65116,231)
(47020,140)
(44060,14)
(90140,55)
(119388,187)
(1324,48)
(55164,238)
(130540,237)
(20156,223)
(42652,239)
(96284,228)
(68764,121)
(64732,218)
(64012,216)
(35036,156)
(90604,109)
(53516,134)
(56028,74)
(13708,85)
(53292,108)
(114668,218)
(138012,71)
(117100,95)
(98812,38)
(136460,127)
(15356,237)
(25692,216)
(131148,32)
(54764,168)
(36556,182)
(49692,228)
(42844,115)
(109388,107)
(35436,14)
(97516,236)
(20604,144)
(76012,237)
(86844,193)
(107724,144)
(2444,134)
(130524,51)
(106108,62)
(36588,143)
(130108,146)
(79388,87)
(94908,231)
(32732,60)
(22988,80)
(12428,195)
(65052,74)
(80220,217)
(113724,61)
(892,170)
(118892,181)
(24556,120)
(30412,26)
(49532,127)
(55852,230)
(75868,226)
(77788,133)
(110860,145)
(43900,187)
(73964,141)
(120172,61)
(64556,87)
(71708,48)
(15612,111)
(51996,133)
(3900,229)
(56076,104)
(54172,237)
(132940,168)
(86956,217)
(71996,226)
(76668,225)
(77564,104)
(87868,24)
(94252,122)
(47388,82)
(110540,193)
(83084,111)
(33404,74)
(83244,15)
(106988,218)
(122012,120)
(38444,59)
(108236,239)
(20268,104)
(85180,23)
(108780,121)
(60204,229)
(28748,91)
(72188,154)
(47980,60)
(55548,223)
(64412,104)
(6412,13)
(64076,230)
(35292,236)
(38988,60)
(49196,147)
(91228,72)
(138060,133)
(105996,110)
(11196,238)
(97420,21)
(73580,226)
(36428,62)
(86796,118)
(64428,170)
(24476,191)
(74124,132)
(15964,122)
(23804,26)
(69836,175)
(108108,119)
(47036,239)
(64796,231)
(33948,191)
(121068,236)
(112796,239)
(364,134)
(11756,109)
(84588,229)
(114620,36)
(119628,24)
(113628,61)
(40892,231)
(136396,44)
(72620,50)
(6604,107)
(69596,129)
(12124,179)
(12348,49)
(18716,216)
(16156,195)
(23756,133)
(44460,170)
(14476,239)
(33276,236)
(47404,158)
(30940,73)
(93212,62)
(78604,85)
(91740,46)
(33804,177)
(18460,141)
(60588,119)
(126764,195)
(47772,231)
(51516,93)
(11596,20)
(27452,223)
(58732,110)
(51468,132)
(115964,154)
(123516,140)
(16412,235)
(108556,237)
(137356,231)
(91020,143)
(84748,236)
(60876,217)
(58636,239)
(14828,62)
(83132,216)
(39580,223)
(42636,127)
(106748,122)
(116780,24)
(26892,55)
(121340,193)
(118492,223)
(121388,204)
(123068,179)
(32204,44)
(30300,177)
(14236,50)
(123820,37)
(94380,85)
(89196,95)
(39724,238)
(130220,120)
(77036,45)
(111580,236)
(95372,182)
(34588,85)
(42332,193)
(80684,217)
(22732,84)
(5804,239)
(47516,236)
(59244,80)
(133964,226)
(12316,218)
(82412,229)
(101660,239)
(54188,195)
(18684,166)
(28556,195)
(39292,74)
(60748,180)
(53996,230)
(119788,163)
(42764,224)
(103612,239)
(137388,34)
(133020,146)
(16908,167)
(47884,189)
(19004,182)
(36940,147)
(57132,21)
(124028,237)
(73708,223)
(109932,109)
(88588,237)
(24764,230)
(29260,143)
(123212,133)
(9276,212)
(16588,182)
(48204,231)
(33228,224)
(61980,91)
(39772,171)
(50828,38)
(31452,55)
(82252,195)
(115740,63)
(121452,169)
(20764,127)
(3260,74)
(62364,80)
(66044,14)
(122316,193)
(79292,119)
(31660,97)
(65580,231)
(34684,132)
(18220,170)
(24716,31)
(129372,123)
(75564,180)
(65356,38)
(112012,191)
(57036,194)
(127596,36)
(36252,21)
(40860,231)
(131964,215)
(31820,183)
(39372,87)
(30252,141)
(25404,170)
(30844,26)
(70700,191)
(89852,134)
(38524,230)
(49772,62)
(103756,45)
(1276,239)
(5580,86)
(56492,109)
(42540,111)
(109820,51)
(87244,219)
(88716,85)
(9500,97)
(46172,27)
(95964,239)
(28524,228)
(68220,225)
(91244,236)
(35068,187)
(97484,61)
(110620,237)
(35724,239)
(126396,188)
(2140,204)
(112124,72)
(104940,217)
(130316,239)
(97084,236)
(2460,23)
(129996,86)
(136220,165)
(89308,115)
(5900,37)
(26988,117)
(28892,97)
(50316,97)
(57564,111)
(131436,181)
(130412,194)
(136636,204)
(24156,44)
(7916,195)
(58508,97)
(15900,170)
(43932,84)
(99900,238)
(99132,12)
(100396,231)
(63788,132)
(70284,237)
(113420,165)
(52924,85)
(58348,212)
(12108,60)
(85164,193)
(89660,145)
(93500,218)
(116716,228)
(95404,60)
(121820,140)
(28028,238)
(120588,156)
(111420,95)
(84572,83)
(43052,46)
(18972,178)
(58812,187)
(90700,189)
(121180,27)
(38332,82)
(24316,219)
(105692,187)
(138492,128)
(80060,170)
(103564,193)
(52188,217)
(53852,132)
(91276,146)
(58076,218)
(50700,111)
(105740,213)
(5852,191)
(51340,237)
(75452,180)
(84220,170)
(48604,20)
(65708,104)
(79436,195)
(16732,72)
(50972,235)
(45196,93)
(111116,236)
(116156,223)
(130236,111)
(19596,237)
(15404,133)
(46508,213)
(15020,145)
(70124,224)
(127324,239)
(106140,26)
(104828,48)
(76316,134)
(17740,146)
(38284,230)
(32348,212)
(82748,190)
(74284,105)
(22236,95)
(46844,22)
(24508,132)
(109484,146)
(58652,180)
(69548,238)
(97116,178)
(55180,238)
(90236,105)
(95228,74)
(34796,128)
(90588,218)
(25036,132)
(103932,122)
(137740,27)
(33628,189)
(12396,130)
(35100,229)
(21644,239)
(2764,170)
(10588,237)
(75580,62)
(112060,228)
(118524,176)
(79276,239)
(1180,231)
(88380,82)
(51820,139)
(11372,128)
(30076,230)
(137132,164)
(61356,226)
(85516,228)
(135132,195)
(1292,145)
(5516,84)
(119772,56)
(71516,115)
(131244,237)
(1212,237)
(42156,158)
(106972,58)
(22076,44)
(119564,177)
(123628,217)
(93996,158)
(18316,119)
(37804,129)
(124316,73)
(52956,194)
(25452,168)
(132044,115)
(84700,98)
(48412,216)
(118908,146)
(95564,228)
(38748,109)
(80892,39)
(119660,239)
(107548,225)
(40396,194)
(44972,25)
(6220,61)
(113404,217)
(102268,121)
(55980,224)
(46812,37)
(100316,135)
(108172,193)
(134508,56)
(28284,218)
(37612,225)
(55820,237)
(132556,223)
(133948,44)
(34492,195)
(102828,237)
(109580,237)
(55132,155)
(7596,32)
(16940,175)
(38028,195)
(93772,15)
(82268,82)
(2716,225)
(110604,143)
(23612,60)
(69372,122)
(17276,231)
(111004,237)
(96972,98)
(88092,134)
(111996,56)
(50524,236)
(29420,67)
(92844,86)
(133452,122)
(134876,238)
(13452,147)
(117260,46)
(43676,97)
(19164,193)
(108012,38)
(75468,116)
(41932,190)
(53532,239)
(103868,231)
(15244,47)
(100172,143)
(108348,180)
(64140,238)
(4828,238)
(59580,25)
(63980,225)
(68284,181)
(12476,230)
(41900,193)
(54780,211)
(111036,108)
(2732,159)
(86348,157)
(30236,231)
(98668,37)
(127244,231)
(127436,228)
(94460,235)
(132028,231)
(108892,225)
(84636,133)
(100684,121)
(26060,122)
(62236,164)
(128092,229)
(91964,70)
(19740,229)
(126588,95)
(32572,109)
(53004,182)
(114348,84)
(91404,72)
(10892,239)
(105100,134)
(81660,152)
(21052,200)
(55676,81)
(105868,183)
(33324,26)
(97964,226)
(78940,15)
(2924,195)
(1932,81)
(5788,73)
(59084,238)
(23676,134)
(119692,170)
(67644,237)
(86460,224)
(35404,224)
(67724,108)
(3516,120)
(13372,87)
(75996,237)
(92396,229)
(134364,169)
(74828,44)
(108908,49)
(44860,216)
(130124,182)
(91868,71)
(65180,23)
(86156,20)
(130332,104)
(18876,85)
(125868,182)
(129292,228)
(59292,182)
(30876,84)
(97916,195)
(80268,237)
(33708,50)
(76204,236)
(89484,12)
(53196,224)
(10764,127)
(73436,239)
(81596,229)
(16124,235)
(77500,152)
(52156,144)
(93756,22)
(2668,118)
(14204,238)
(59116,24)
(4588,96)
(97020,193)
(33068,14)
(46876,85)
(58380,236)
(133212,38)
(15372,230)
(116316,56)
(100588,194)
(58684,105)
(76492,96)
(134140,193)
(52748,144)
(54364,200)
(8764,239)
(93596,35)
(588,108)
(60108,111)
(44220,144)
(50540,177)
(29148,193)
(46956,92)
(118700,133)
(40252,223)
(54892,195)
(90092,118)
(79164,204)
(31372,81)
(105212,170)
(118444,212)
(125772,134)
(79612,195)
(61436,120)
(65388,120)
(77756,134)
(46444,50)
(67836,224)
(22780,37)
(88540,118)
(76508,91)
(111500,104)
(11916,164)
(126844,230)
(90076,178)
(2700,217)
(116332,47)
(126860,170)
(96892,225)
(73324,229)
(108812,104)
(120860,230)
(135836,225)
(40940,120)
(26844,145)
(116764,180)
(65420,73)
(105836,168)
(116092,93)
(137900,226)
(97324,229)
(6988,70)
(27532,85)
(56524,228)
(136652,236)
(39020,132)
(13836,195)
(85420,44)
(103148,228)
(15164,195)
(74412,237)
(9660,69)
(24604,86)
(31756,187)
(97500,91)
(103516,228)
(28764,217)
(62444,226)
(125196,194)
(42108,212)
(73644,22)
(104956,25)
(14700,120)
(36124,122)
(88764,92)
(33436,79)
(116620,180)
(101740,86)
(113388,48)
(47836,79)
(122332,25)
(30220,230)
(137532,34)
(120924,134)
(109660,238)
(124364,182)
(123052,39)
(134412,236)
(2876,193)
(114172,130)
(82940,195)
(18924,236)
(48124,181)
(116476,230)
(18940,60)
(41548,109)
(83212,144)
(86220,71)
(126188,44)
(79596,103)
(1708,194)
(44700,120)
(16860,195)
(56732,175)
(72812,238)
(131420,13)
(130764,74)
(79052,193)
(85228,97)
(95836,27)
(23148,235)
(31692,170)
(65068,13)
(75196,187)
(24044,115)
(115996,48)
(49548,20)
(55916,239)
(128396,15)
(20620,229)
(51548,152)
(60844,202)
(61404,231)
(39052,49)
(35836,60)
(107612,180)
(116220,85)
(114972,144)
(115244,119)
(46780,110)
(29292,69)
(21692,194)
(119468,236)
(109564,12)
(135516,79)
(86396,48)
(127612,230)
(112540,98)
(106780,237)
(128892,119)
(137404,182)
(80732,159)
(3836,194)
(6780,128)
(47148,61)
(103324,20)
(18108,217)
(75116,180)
(48780,236)
(28828,86)
(112428,193)
(51196,168)
(63068,73)
(129596,96)
(131772,106)
(39900,134)
(44124,38)
(138108,86)
(49628,132)
(79980,86)
(66828,236)
(24348,229)
(125436,212)
(38252,62)
(123916,92)
(27644,93)
(132796,236)
(44652,134)
(126268,230)
(15788,81)
(27420,85)
(101596,193)
(40348,195)
(59948,47)
(84460,158)
(19260,87)
(31276,224)
(129276,121)
(131740,229)
(41164,231)
(59548,120)
(107772,237)
(24380,195)
(45292,48)
(33932,13)
(44940,218)
(53564,236)
(9644,105)
(61388,99)
(113548,223)
(88124,189)
(28988,163)
(90908,95)
(136860,121)
(127996,193)
(125420,239)
(16076,25)
(22540,129)
(106636,237)
(131164,129)
(7340,122)
(78156,230)
(34572,95)
(37100,225)
(129116,97)
(66844,82)
(10236,55)
(115772,193)
(60892,38)
(38380,204)
(6204,82)
(65020,214)
(18476,238)
(49996,85)
(92444,193)
(114700,170)
(54812,122)
(76716,106)
(17020,193)
(98908,169)
(43292,69)
(124044,110)
(82492,195)
(44844,181)
(44796,143)
(55004,72)
(45004,24)
(65500,225)
(125212,129)
(117836,108)
(127116,183)
(1116,230)
(66972,61)
(131788,110)
(110220,230)
(109596,86)
(93548,180)
(132716,74)
(34636,238)
(13564,38)
(124140,195)
(45116,130)
(84732,14)
(29900,204)
(22220,95)
(11724,47)
(9548,84)
(75372,19)
(50284,170)
(64668,109)
(73692,145)
(104188,133)
(51356,183)
(22940,142)
(36508,218)
(68316,111)
(102236,195)
(80172,60)
(45900,223)
(96604,223)
(42780,71)
(84812,223)
(120796,49)
(99644,120)
(46572,24)
(129660,97)
(108924,176)
(61564,236)
(134076,84)
(28332,36)
(43884,180)
(64268,223)
(6396,158)
(37052,99)
(46924,236)
(27756,170)
(102540,169)
(131372,130)
(124956,237)
(44156,14)
(135372,156)
(85500,231)
(137708,120)
(98796,129)
(19500,238)
(46524,145)
(107788,228)
(104204,134)
(104892,236)
(135436,225)
(20636,238)
(3916,45)
(118300,158)
(18060,238)
(20796,14)
(100428,182)
(2476,217)
(94764,103)
(81836,237)
(46300,169)
(40604,123)
(49100,238)
(132876,194)
(104284,239)
(40332,228)
(17244,95)
(134492,188)
(89772,14)
(36748,231)
(78348,37)
(65132,94)
(138236,144)
(36812,12)
(41708,183)
(43116,60)
(45788,171)
(104796,145)
(63420,195)
(117996,213)
(58060,194)
(81228,83)
(16300,216)
(82236,177)
(13884,235)
(107244,236)
(88860,34)
(109148,120)
(72028,214)
(66396,239)
(125548,72)
(716,115)
(63276,69)
(133660,183)
(93420,24)
(33724,36)
(34380,131)
(540,20)
(121564,24)
(120380,236)
(26124,195)
(54300,121)
(68172,19)
(128636,226)
(128076,194)
(70764,175)
(48668,212)
(39148,216)
(5836,157)
(115148,27)
(126780,229)
(24588,237)
(34108,212)
(49708,191)
(10380,187)
(136284,228)
(123164,181)
(107580,60)
(46204,170)
(93020,110)
(33996,239)
(83340,231)
(18428,238)
(104172,225)
(84796,79)
(23388,228)
(59692,226)
(83868,238)
(48188,216)
(135820,239)
(136044,13)
(54924,108)
(56396,48)
(74892,229)
(62092,50)
(98092,129)
(42972,169)
(44108,229)
(91692,231)
(125516,187)
(74236,91)
(40108,168)
(132988,44)
(134028,83)
(122940,226)
(94028,91)
(63404,175)
(105228,193)
(62732,105)
(127132,141)
(29516,239)
(43596,21)
(46028,153)
(58236,180)
(88364,50)
(87388,94)
(24060,57)
(3772,118)
(63452,121)
(70268,238)
(75420,110)
(82956,154)
(82444,225)
(52652,146)
(75052,69)
(103996,231)
(114412,24)
(12364,235)
(119884,73)
(89404,182)
(95548,108)
(44668,46)
(100572,44)
(43228,195)
(16540,225)
(60044,14)
(116060,168)
(34700,79)
(54748,84)
(20444,81)
(57068,237)
(39964,127)
(54940,110)
(74092,129)
(36892,119)
(61020,224)
(120044,119)
(5500,97)
(93932,45)
(524,235)
(66892,238)
(115804,69)
(52604,223)
(116428,49)
(121852,130)
(71964,182)
(100204,104)
(43980,230)
(106732,74)
(134828,182)
(126172,229)
(70524,182)
(108508,130)
(83580,141)
(134460,84)
(26412,55)
(126492,127)
(127532,86)
(28124,178)
(21180,194)
(128956,36)
(77180,193)
(131484,133)
(129420,34)
(122652,72)
(20924,238)
(51372,23)
(38428,231)
(92188,12)
(39420,182)
(128908,79)
(15100,34)
(26828,104)
(37884,85)
(60188,193)
(35628,193)
(10076,134)
(16636,190)
(82556,122)
(96988,134)
(122972,145)
(92540,96)
(28252,132)
(89756,179)
(4908,58)
(96588,193)
(27052,129)
(17916,151)
(59660,181)
(91660,27)
(82300,50)
(130940,228)
(53660,239)
(133916,26)
(122172,123)
(10604,92)
(93340,229)
(118588,109)
(51228,72)
(54028,146)
(51308,192)
(77164,228)
(98732,199)
(18140,134)
(52716,239)
(5532,194)
(70476,168)
(8604,216)
(60380,13)
(86988,167)
(138476,57)
(21708,164)
(4460,116)
(43452,67)
(56268,117)
(45564,156)
(121900,182)
(57916,58)
(123564,218)
(56860,205)
(15388,24)
(19100,231)
(83436,116)
(24412,93)
(42076,129)
(87788,239)
(55724,128)
(11868,26)
(67468,183)
(82892,224)
(101692,237)
(107372,109)
(10332,218)
(86508,34)
(76828,236)
(88956,37)
(35324,133)
(78924,131)
(67420,177)
(106508,38)
(112076,133)
(97836,239)
(172,235)
(57148,217)
(120988,26)
(25260,123)
(109404,115)
(40476,86)
(92780,110)
(8252,32)
(22620,238)
(90748,180)
(3036,121)
(63612,229)
(29996,60)
(70780,83)
(82604,25)
(91468,225)
(14780,238)
(48140,36)
(23324,236)
(8188,35)
(111180,194)
(131692,74)
(23196,182)
(134012,212)
(12332,130)
(79228,70)
(132780,127)
(111980,228)
(13804,73)
(13756,169)
(130028,145)
(110780,231)
(101340,191)
(127180,239)
(380,166)
(22556,120)
(125468,71)
(52044,235)
(115756,235)
(45612,237)
(128428,39)
(42092,187)
(110316,238)
(110460,73)
(7372,229)
(31948,23)
(27436,63)
(68796,134)
(12908,218)
(24828,51)
(66556,183)
(40588,70)
(36988,217)
(35756,182)
(33308,116)
(84236,217)
(128588,80)
(48508,46)
(91884,79)
(59772,228)
(26028,12)
(22524,122)
(19132,118)
(55788,132)
(42172,229)
(13164,226)
(17036,229)
(78364,216)
(115036,212)
(85356,108)
(27340,80)
(49420,50)
(81740,21)
(107628,81)
(84556,34)
(58828,175)
(104044,189)
(47932,43)
(78476,135)
(125100,239)
(5052,108)
(27164,85)
(80828,142)
(56828,109)
(118092,120)
(96124,45)
(119532,74)
(132444,86)
(53436,236)
(52380,224)
(64172,37)
(6924,237)
(117212,45)
(95452,236)
(28316,35)
(81500,60)
(5436,231)
(105900,239)
(74780,146)
(20940,182)
(103804,111)
(84364,129)
(109900,111)
(137052,176)
(95804,92)
(136316,144)
(106924,120)
(80156,170)
(99100,111)
(125676,223)
(112252,226)
(86636,195)
(68716,13)
(94604,224)
(6460,224)
(97340,169)
(115308,225)
(117644,144)
(23292,218)
(79660,37)
(87052,176)
(93452,182)
(60524,206)
(12684,195)
(45692,87)
(123148,123)
(106556,63)
(60220,59)
(63132,111)
(35868,120)
(99916,24)
(101372,166)
(122140,146)
(19804,193)
(24028,95)
(37244,216)
(82316,44)
(4412,146)
(15708,191)
(13772,205)
(71212,94)
(116908,127)
(120188,109)
(25596,83)
(63836,121)
(108972,225)
(22876,216)
(70444,139)
(14940,180)
(16268,110)
(36332,224)
(38108,32)
(92300,181)
(2796,43)
(50636,85)
(97404,218)
(132764,237)
(7516,229)
(10188,48)
(117884,70)
(35132,37)
(101580,109)
(114780,92)
(123724,131)
(134124,62)
(83644,109)
(7964,193)
(4988,192)
(6380,231)
(54668,239)
(32924,36)
(118956,109)
(48092,145)
(46620,236)
(50780,237)
(85260,166)
(65404,74)
(91340,122)
(45756,131)
(10460,143)
(30956,216)
(42412,67)
(84300,168)
(39180,231)
(78444,218)
(112604,229)
(51644,38)
(67308,237)
(91564,231)
(100444,61)
(8332,228)
(8364,38)
(12588,51)
(73564,195)
(99436,21)
(4572,32)
(123868,228)
(47756,128)
(43308,154)
(4556,239)
(87292,236)
(45100,119)
(37036,94)
(32988,195)
(64044,120)
(68972,170)
(115948,134)
(29820,146)
(10028,14)
(7580,129)
(7724,22)
(103116,238)
(108652,203)
(93532,97)
(109500,122)
(21836,121)
(36044,236)
(73484,231)
(54844,237)
(89068,239)
(85756,130)
(132300,194)
(20108,218)
(25628,217)
(63756,63)
(134172,236)
(112028,236)
(9996,21)
(119084,195)
(19708,144)
(35196,214)
(80924,237)
(96508,216)
(62748,231)
(24748,175)
(111196,230)
(112924,86)
(121596,67)
(73628,211)
(72156,51)
(2812,153)
(9900,238)
(30476,239)
(135852,141)
(13324,83)
(72124,182)
(82988,123)
(58860,156)
(74268,229)
(111804,70)
(89532,120)
(31020,26)
(29340,39)
(99308,82)
(90556,239)
(11116,164)
(94348,46)
(71484,142)
(54684,14)
(19228,133)
(132428,115)
(87948,178)
(30812,237)
(908,237)
(78828,94)
(3628,237)
(95244,231)
(101628,237)
(95420,37)
(18668,38)
(18396,14)
(110476,142)
(44908,169)
(80252,163)
(40492,158)
(135980,224)
(86364,97)
(123548,182)
(123340,56)
(133004,146)
(43260,25)
(138140,195)
(131596,26)
(20428,218)
(105084,74)
(88108,128)
(88220,56)
(19548,188)
(117900,56)
(78204,228)
(130748,87)
(74924,46)
(81612,231)
(6316,182)
(41068,217)
(51628,129)
(109212,123)
(2652,223)
(58780,48)
(86700,84)
(96780,24)
(26460,83)
(133052,236)
(123228,177)
(13308,231)
(115468,159)
(99532,237)
(122620,133)
(51836,230)
(66492,134)
(107500,83)
(40508,139)
(6428,72)
(59180,143)
(3084,60)
(46140,226)
(70636,129)
(124620,195)
(9756,50)
(53100,224)
(121580,239)
(61372,183)
(112492,132)
(37468,70)
(115612,195)
(78076,87)
(47868,109)
(96396,236)
(103788,187)
(102988,72)
(43068,110)
(5820,169)
(123244,134)
(132700,238)
(58284,194)
(96108,120)
(125228,239)
(51452,236)
(34396,33)
(118716,154)
(85868,229)
(110044,216)
(73244,175)
(33036,96)
(90060,145)
(95532,217)
(103020,179)
(55868,239)
(101900,62)
(35964,37)
(120684,86)
(48956,108)
(126748,224)
(31068,60)
(7532,13)
(1084,38)
(38156,115)
(103916,238)
(42796,238)
(137020,230)
(129916,156)
(56892,239)
(9804,120)
(61884,229)
(81324,128)
(28220,96)
(75916,180)
(7020,104)
(90316,96)
(80620,50)
(138348,12)
(60396,119)
(140,207)
(71340,226)
(204,38)
(956,236)
(109260,229)
(133516,212)
(67404,128)
(134780,145)
(6028,237)
(65340,60)
(94892,228)
(94540,239)
(19068,195)
(81724,37)
(120652,86)
(135676,216)
(87644,225)
(72972,231)
(7548,237)
(82012,109)
(13628,49)
(1500,119)
(55596,127)
(105004,48)
(35244,24)
(15820,229)
(51868,95)
(19644,43)
(73740,33)
(94780,216)
(110524,194)
(99244,237)
(60076,218)
(39628,236)
(99724,236)
(100764,98)
(87020,218)
(30044,230)
(45420,129)
(58988,19)
(16460,14)
(20476,155)
(41644,180)
(12620,217)
(103404,193)
(112764,180)
(116188,37)
(109228,111)
(80716,74)
(14044,92)
(4156,32)
(129676,236)
(138444,181)
(10476,74)
(56540,217)
(20956,164)
(94940,133)
(16508,182)
(66348,117)
(95900,109)
(73276,236)
(48748,26)
(135308,169)
(40572,96)
(37372,37)
(46124,142)
(988,22)
(88748,157)
(68572,118)
(45148,73)
(111660,72)
(112300,183)
(40524,211)
(45676,230)
(136796,216)
(55084,231)
(109052,122)
(54508,120)
(117932,120)
(102412,225)
(52764,96)
(69900,133)
(39756,61)
(93868,239)
(117868,225)
(91436,180)
(79644,128)
(26428,182)
(29308,157)
(61932,225)
(102092,223)
(60764,103)
(2588,74)
(49212,103)
(94476,120)
(26396,231)
(126476,239)
(82540,224)
(70860,132)
(127964,36)
(29404,193)
(36188,193)
(47660,175)
(96652,228)
(112364,36)
(54124,238)
(126892,26)
(55468,38)
(69452,127)
(134796,120)
(36204,131)
(40828,97)
(14540,85)
(16764,13)
(56444,228)
(119260,49)
(69980,48)
(43196,191)
(24572,120)
(44092,96)
(126220,116)
(15644,171)
(42940,182)
(49500,116)
(32268,158)
(77132,108)
(70188,71)
(74844,158)
(117452,26)
(33148,180)
(40444,214)
(66076,47)
(128316,22)
(69740,182)
(48524,190)
(116412,50)
(36284,237)
(88332,79)
(3164,230)
(91052,226)
(31996,37)
(68204,134)
(28588,217)
(46380,237)
(104076,156)
(50412,72)
(63628,213)
(136140,93)
(70604,110)
(25708,128)
(135804,187)
(78780,239)
(80652,193)
(123948,193)
(13516,229)
(1228,23)
(98876,230)
(10956,194)
(32764,20)
(33196,154)
(94396,235)
(1132,191)
(14668,237)
(40060,231)
(17356,140)
(65692,194)
(77644,116)
(77740,195)
(92956,121)
(79548,24)
(102428,218)
(14908,82)
(17660,86)
(55692,226)
(106252,171)
(107804,120)
(114316,109)
(4092,189)
(26332,38)
(22044,230)
(49148,229)
(131468,168)
(84988,193)
(122428,15)
(11132,134)
(27100,146)
(62220,23)
(47324,183)
(18332,236)
(95628,216)
(74332,217)
(105036,44)
(50268,108)
(45084,238)
(89180,46)
(36364,157)
(41948,117)
(94988,190)
(32668,165)
(119180,229)
(48076,239)
(74764,187)
(28188,68)
(43996,226)
(37132,235)
(77004,108)
(44236,67)
(26748,49)
(106268,190)
(112444,145)
(17068,157)
(138028,33)
(62028,238)
(8060,147)
(73596,23)
(128284,97)
(120156,95)
(15308,15)
(45324,50)
(114924,180)
(57212,187)
(73164,230)
(117436,229)
(108764,142)
(50732,71)
(19612,86)
(35532,92)
(117372,224)
(97724,117)
(121084,195)
(121708,49)
(96460,82)
(128988,239)
(348,47)
(130076,228)
(95132,182)
(68748,199)
(112972,190)
(120972,25)
(93660,239)
(72732,226)
(90124,45)
(118860,86)
(7196,119)
(90012,229)
(33900,48)
(24204,128)
(13612,121)
(98268,237)
(72652,119)
(83068,192)
(136940,99)
(51004,31)
(137260,239)
(86556,15)
(79036,216)
(93948,238)
(115052,231)
(332,214)
(30332,145)
(41340,57)
(56588,60)
(131292,224)
(16924,106)
(75884,105)
(90508,120)
(32524,123)
(126620,200)
(12460,75)
(20236,106)
(100652,87)
(22924,195)
(47260,181)
(47964,57)
(85564,237)
(74060,50)
(56332,189)
(110684,237)
(77148,56)
(81068,120)
(13436,170)
(56364,195)
(123132,213)
(130252,229)
(6956,86)
(34252,62)
(14156,156)
(5100,193)
(16028,153)
(133468,194)
(26476,157)
(130364,130)
(84252,188)
(51948,230)
(85804,37)
(72492,46)
(50108,34)
(69788,238)
(81452,95)
(90220,60)
(118668,144)
(64524,62)
(28,237)
(31420,20)
(33836,238)
(89884,191)
(97900,14)
(117468,230)
(23164,118)
(115708,79)
(103100,122)
(131020,191)
(63180,229)
(106124,223)
(31916,94)
(54396,85)
(114092,228)
(68828,43)
(105788,206)
(105116,26)
(50924,122)
(83916,223)
(16652,37)
(35996,23)
(50748,230)
(26684,115)
(76332,119)
(6796,109)
(108396,84)
(49868,25)
(27900,230)
(78140,143)
(112380,48)
(51276,231)
(130348,195)
(3132,129)
(32028,192)
(120444,189)
(18508,51)
(61612,43)
(7756,181)
(87580,194)
(40972,238)
(68444,236)
(56716,49)
(105980,60)
(20540,68)
(37004,39)
(81900,87)
(50892,218)
(63244,80)
(112892,237)
(84332,82)
(133868,195)
(2300,60)
(27500,236)
(94284,217)
(58956,62)
(90716,194)
(90780,171)
(30348,182)
(28908,73)
(112236,60)
(13004,187)
(35148,169)
(30012,177)
(105884,62)
(15436,236)
(20380,117)
(76060,71)
(70572,236)
(26044,230)
(39852,99)
(128828,228)
(110556,180)
(106956,194)
(81868,120)
(15932,169)
(129484,111)
(81020,170)
(137980,229)
(126684,48)
(93004,14)
(101436,44)
(268,116)
(39084,225)
(5628,62)
(14412,230)
(28268,170)
(90300,195)
(13932,93)
(38588,218)
(92972,231)
(104764,105)
(36300,144)
(114284,115)
(61244,182)
(50092,99)
(59612,182)
(102060,55)
(117420,195)
(7132,154)
(27724,120)
(68044,191)
(98492,213)
(20572,183)
(59868,143)
(65548,177)
(52284,48)
(117580,191)
(121260,193)
(100796,182)
(69052,127)
(8412,86)
(93468,24)
(63500,97)
(60,37)
(24332,26)
(41420,108)
(59036,27)
(20812,238)
(106828,49)
(30380,92)
(75148,228)
(131132,33)
(64988,118)
(123276,218)
(61420,176)
(36460,195)
(127468,108)
(50812,237)
(52460,239)
(77852,79)
(53980,129)
(62668,189)
(23708,235)
(112332,190)
(62492,48)
(108364,226)
(924,25)
(101020,44)
(52396,56)
(54476,74)
(72748,163)
(120956,216)
(83628,84)
(94204,132)
(127868,144)
(35212,133)
(123692,85)
(57996,217)
(51260,171)
(58844,226)
(113292,229)
(940,118)
(55964,193)
(3244,181)
(66684,180)
(83980,74)
(124268,224)
(64620,179)
(131260,237)
(52300,189)
(132076,182)
(119308,145)
(8460,81)
(119548,117)
(127036,216)
(2860,156)
(59164,237)
(98620,229)
(96444,239)
(127292,168)
(41772,60)
(91676,81)
(137644,24)
(124716,237)
(123484,25)
(11996,231)
(58412,157)
(122524,45)
(4684,193)
(64092,223)
(22716,212)
(118028,188)
(113020,105)
(18812,182)
(120028,62)
(76876,145)
(15116,238)
(124156,180)
(123036,129)
(52972,156)
(59020,139)
(38188,51)
(40988,229)
(110924,73)
(55836,105)
(101996,33)
(108204,177)
(50572,133)
(82524,205)
(57500,181)
(70508,157)
(119900,182)
(132748,203)
(76444,133)
(107900,224)
(95324,217)
(98012,33)
(96956,231)
(4300,151)
(136412,238)
(55804,212)
(61100,144)
(48220,216)
(3788,133)
(120124,226)
(67276,193)
(79964,68)
(68620,120)
(127388,223)
(134972,239)
(136092,187)
(21148,154)
(105308,154)
(39308,238)
(21756,230)
(14108,237)
(20076,49)
(136924,97)
(52332,151)
(24092,218)
(55612,49)
(18204,24)
(112908,231)
(37404,212)
(133724,23)
(7452,82)
(110764,72)
(88396,120)
(6524,24)
(28620,195)
(102812,26)
(95724,171)
(129164,237)
(59132,144)
(2540,229)
(27212,44)
(68332,237)
(96876,188)
(128924,86)
(54204,82)
(67980,217)
(4956,239)
(119244,97)
(22396,59)
(99948,62)
(119644,110)
(87900,60)
(105324,229)
(75164,237)
(84012,15)
(65916,218)
(66140,218)
(18700,228)
(118204,108)
(125052,120)
(53148,195)
(122860,59)
(25932,212)
(87628,236)
(13292,180)
(129148,239)
(72572,95)
(31772,37)
(28684,24)
(114892,188)
(132860,141)
(92156,236)
(59644,85)
(86428,195)
(70892,191)
(66924,36)
(12140,14)
(126988,230)
(6076,58)
(132908,223)
(74076,38)
(77980,229)
(37660,57)
(29564,167)
(55420,191)
(38044,181)
(73180,83)
(98332,83)
(14876,82)
(10972,235)
(62604,80)
(39132,93)
(48396,44)
(24444,69)
(78508,119)
(10140,44)
(124,123)
(88892,94)
(64220,238)
(6508,156)
(1420,194)
(86540,218)
(111708,191)
(21228,73)
(107100,165)
(107196,95)
(99180,230)
(42364,141)
(3964,94)
(9932,236)
(34284,13)
(17580,49)
(118268,85)
(35820,60)
(114396,238)
(12988,218)
(19932,56)
(33132,134)
(78396,191)
(86860,49)
(50460,87)
(36412,26)
(8396,50)
(34908,189)
(68124,175)
(118332,169)
(26636,229)
(128044,152)
(88988,180)
(127020,239)
(55148,128)
(135292,110)
(7996,193)
(137116,238)
(100076,74)
(76396,190)
(90684,180)
(61628,73)
(116364,61)
(70908,121)
(7004,43)
(52540,130)
(78428,14)
(17724,48)
(21852,146)
(46156,152)
(19996,84)
(108316,71)
(136492,230)
(45868,238)
(46492,50)
(126460,180)
(46268,224)
(14060,216)
(30508,108)
(21724,226)
(87340,170)
(135356,83)
(101980,117)
(50556,218)
(104428,170)
(90380,239)
(129820,225)
(65244,170)
(96188,108)
(8444,146)
(5068,239)
(97708,122)
(102460,182)
(110012,117)
(23772,74)
(26796,239)
(34972,132)
(78460,109)
(61692,12)
(127820,93)
(97788,193)
(56956,131)
(72220,235)
(71324,133)
(122812,182)
(62588,109)
(83260,120)
(89548,194)
(137548,62)
(84124,43)
(55308,27)
(27292,224)
(21500,182)
(80412,81)
(109100,228)
(126012,84)
(5692,98)
(122220,195)
(125356,72)
(81964,61)
(136108,212)
(34172,24)
(64028,134)
(127356,178)
(52268,237)
(77612,109)
(77276,147)
(83756,50)
(14796,25)
(5292,225)
(111292,230)
(68636,225)
(92140,182)
(98300,228)
(16828,229)
(71292,203)
(117788,226)
(7260,212)
(38268,230)
(111564,192)
(98780,177)
(131100,111)
(135052,180)
(55260,133)
(37836,129)
(119116,195)
(28444,31)
(3852,216)
(134332,194)
(55356,98)
(14716,74)
(44524,231)
(81116,231)
(50444,228)
(28300,216)
(60332,187)
(102124,98)
(19244,119)
(33164,97)
(106908,235)
(61132,187)
(86300,218)
(18492,73)
(52556,163)
(125852,79)
(122508,128)
(102556,177)
(47372,239)
(94732,190)
(132684,194)
(136348,97)
(37756,223)
(56988,49)
(115084,106)
(860,169)
(28732,92)
(41004,98)
(17116,98)
(138396,238)
(71164,165)
(131228,21)
(32748,20)
(121164,26)
(51420,104)
(37516,158)
(39500,230)
(27964,139)
(7084,122)
(100412,91)
(58524,120)
(129244,120)
(31148,182)
(56044,228)
(86316,57)
(103772,129)
(107820,110)
(117228,195)
(15564,26)
(63740,37)
(119852,193)
(123196,228)
(21980,13)
(112844,169)
(52316,204)
(127980,140)
(127372,55)
(103388,122)
(117692,97)
(25100,214)
(74444,74)
(109276,216)
(2908,26)
(35980,177)
(5948,218)
(73388,219)
(72940,216)
(69228,83)
(90108,230)
(40844,75)
(28172,95)
(46252,223)
(56156,181)
(112700,182)
(27132,24)
(134556,12)
(24524,170)
(106060,225)
(83708,180)
(135548,189)
(75532,229)
(112732,237)
(67676,119)
(35228,139)
(120604,36)
(116924,144)
(117116,217)
(19916,170)
(85788,195)
(35004,130)
(93884,192)
(41132,181)
(63116,237)
(71068,147)
(134604,237)
(124092,228)
(22412,170)
(17868,192)
(72604,74)
(48588,12)
(68684,237)
(100236,120)
(52700,85)
(111820,225)
(53084,140)
(118348,85)
(51052,237)
(94236,31)
(126092,225)
(112876,195)
(22908,231)
(103372,108)
(122908,230)
(106796,24)
(92636,24)
(57708,140)
(116300,154)
(20332,73)
(87820,238)
(119276,85)
(128796,128)
(21372,86)
(57692,176)
(74156,195)
(78972,22)
(127004,133)
(43804,187)
(110700,223)
(50956,24)
(85884,99)
(81388,235)
(54236,83)
(11404,169)
(22108,238)
(76220,224)
(21932,218)
(42892,231)
(3756,230)
(27836,236)
(119420,120)
(66956,238)
(132396,63)
(14460,106)
(90396,81)
(131884,156)
(137612,155)
(80524,229)
(65100,142)
(26780,236)
(32188,193)
(88492,237)
(131724,13)
(92652,190)
(125996,145)
(34476,83)
(70588,117)
(3276,169)
(103548,15)
(105388,70)
(113852,212)
(131516,132)
(78220,95)
(74684,230)
(77772,14)
(104268,238)
(113516,95)
(684,231)
(4604,228)
(129212,129)
(126700,212)
(105612,182)
(47740,237)
(64636,134)
(1388,129)
(117484,56)
(62284,236)
(30780,238)
(127308,142)
(96860,106)
(55772,239)
(107324,109)
(70492,230)
(6588,59)
(61516,238)
(69068,98)
(65948,123)
(37484,130)
(84076,97)
(99580,34)
(38572,43)
(30892,170)
(85436,143)
(80636,26)
(41916,128)
(114012,228)
(86476,111)
(129356,230)
(45212,70)
(104140,60)
(80188,24)
(68988,239)
(131564,211)
(4668,60)
(12220,180)
(57548,177)
(121356,237)
(14284,228)
(129980,70)
(3292,182)
(6252,39)
(135948,146)
(137212,169)
(106620,171)
(131500,230)
(106812,236)
(14076,225)
(17596,181)
(131932,188)
(58668,236)
(135180,108)
(114716,59)
(21100,190)
(15548,48)
(129580,39)
(96844,32)
(83164,14)
(99372,44)
(95820,238)
(63580,142)
(34316,34)
(89516,239)
(107052,60)
(100028,97)
(74316,177)
(17932,181)
(98924,109)
(75708,70)
(130828,229)
(96268,230)
(2204,177)
(109532,131)
(72716,230)
(114828,169)
(54956,49)
(116940,228)
(83484,74)
(18860,216)
(44924,181)
(46860,201)
(96044,14)
(25292,182)
(116828,14)
(104860,37)
(45916,177)
(49308,164)
(127724,181)
(43644,86)
(41276,238)
(53372,49)
(89244,63)
(23644,74)
(54428,55)
(135036,96)
(78892,194)
(42380,96)
(42492,155)
(71228,177)
(119372,108)
(76588,63)
(9420,182)
(32444,228)
(24172,146)
(124492,12)
(82588,130)
(23852,73)
(14652,178)
(104412,181)
(28396,24)
(119612,216)
(132252,93)
(136716,60)
(82764,130)
(83116,43)
(84524,181)
(128460,80)
(28092,73)
(132924,44)
(47164,237)
(84492,31)
(75772,236)
(29116,36)
(34828,43)
(72284,133)
(86732,228)
(108620,238)
(12604,38)
(133388,23)
(99868,182)
(56812,231)
(44268,48)
(66908,120)
(79020,229)
(29164,218)
(12700,38)
(19772,194)
(64828,229)
(132012,110)
(123596,181)
(80876,127)
(133100,180)
(38412,80)
(14508,239)
(94444,127)
(48940,238)
(74972,63)
(105292,98)
(45580,48)
(101932,229)
(70236,127)
(131708,84)
(69276,228)
(92492,106)
(104748,156)
(80108,121)
(120092,238)
(75228,26)
(37692,12)
(24364,32)
(24636,182)
(32364,56)
(91948,129)
(97756,239)
(100268,48)
(123372,194)
(9484,230)
(28012,238)
(127516,59)
(69420,181)
(71884,57)
(99628,139)
(27820,20)
(132844,235)
(66988,229)
(43868,229)
(124428,48)
(92700,99)
(16572,165)
(110172,86)
(17548,128)
(24796,155)
(61900,236)
(41116,110)
(66636,74)
(79916,45)
(16492,145)
(124204,85)
(122284,34)
(46044,217)
(107132,238)
(32636,168)
(19324,195)
(4876,237)
(86876,122)
(117180,129)
(44476,195)
(116252,239)
(66428,119)
(84108,75)
(82716,180)
(95980,229)
(9724,97)
(39452,201)
(87132,80)
(98988,189)
(103660,69)
(107884,218)
(122748,212)
(71500,38)
(11260,109)
(26156,181)
(87468,231)
(35468,129)
(105596,157)
(121500,237)
(53420,33)
(110972,120)
(100892,103)
(35932,182)
(46908,195)
(62140,34)
(126076,47)
(109964,51)
(74140,109)
(131068,14)
(134860,156)
(11516,12)
(23452,24)
(93196,229)
(104780,178)
(9116,72)
(40156,182)
(130668,72)
(20348,231)
(2604,169)
(27996,61)
(10348,24)
(56108,84)
(72876,182)
(57452,237)
(32076,127)
(116748,238)
(40076,20)
(76108,193)
(13660,61)
(53132,236)
(15292,14)
(42476,223)
(20828,168)
(76092,230)
(98204,229)
(59228,163)
(3740,109)
(40380,121)
(3484,195)
(63356,21)
(24188,32)
(62860,121)
(98572,142)
(96716,57)
(84284,109)
(137372,55)
(102044,182)
(17676,74)
(17484,225)
(129836,98)
(36796,189)
(92316,228)
(24268,194)
(97148,170)
(101548,96)
(107916,236)
(137884,27)
(99548,118)
(118572,111)
(92172,169)
(33244,195)
(60636,211)
(67804,80)
(42700,180)
(104300,158)
(8220,194)
(68940,180)
(61852,231)
(92364,61)
(128492,74)
(123468,170)
(2844,183)
(15036,226)
(114732,98)
(31548,228)
(4108,12)
(58444,156)
(16956,103)
(23116,45)
(36092,229)
(77260,20)
(4940,224)
(68844,228)
(64956,195)
(116604,229)
(33452,83)
(113692,228)
(80236,140)
(6140,230)
(130780,119)
(85932,84)
(31036,151)
(133068,144)
(114604,120)
(69484,188)
(54316,205)
(86188,195)
(25436,36)
(114460,140)
(2364,237)
(34844,225)
(47212,237)
(87772,167)
(124876,55)
(92732,110)
(764,75)
(137676,37)
(23932,187)
(32380,237)
(62876,73)
(126908,118)
(101308,151)
(115004,218)
(137724,203)
(122252,182)
(59788,237)
(4396,144)
(46092,154)
(134684,156)
(55436,224)
(94060,230)
(31084,224)
(118652,69)
(101164,80)
(76764,74)
(88060,12)
(57372,115)
(20684,127)
(137324,63)
(63724,193)
(13676,152)
(125788,195)
(67484,108)
(87436,239)
(78620,50)
(74940,169)
(116812,228)
(44620,23)
(63964,23)
(49260,190)
(95356,236)
(108940,132)
(57084,43)
(73948,21)
(92204,193)
(9964,182)
(75436,129)
(120236,231)
(94652,111)
(102444,127)
(80908,120)
(26524,230)
(133612,229)
(115484,177)
(31804,98)
(135772,151)
(81260,60)
(18988,194)
(89724,74)
(29484,178)
(2012,85)
(38620,146)
(123084,14)
(26300,26)
(128204,229)
(85484,236)
(8652,190)
(55532,237)
(3388,169)
(49676,216)
(9260,218)
(80604,231)
(131052,108)
(53228,182)
(49452,109)
(101804,195)
(30636,216)
(46556,144)
(40748,239)
(58972,223)
(69260,103)
(80444,156)
(112508,237)
(11564,225)
(1516,86)
(119436,60)
(73452,231)
(116108,157)
(27372,131)
(7308,74)
(78844,229)
(11884,27)
(131340,62)
(14300,85)
(136236,26)
(30028,191)
(27468,72)
(111644,183)
(73052,59)
(31116,239)
(77660,122)
(103004,142)
(33820,146)
(96636,63)
(107068,92)
(110796,238)
(128252,238)
(37532,128)
(111612,123)
(19820,170)
(81996,95)
(120780,36)
(38364,183)
(101644,182)
(116124,225)
(78316,84)
(46796,146)
(96620,96)
(9564,127)
(127068,110)
(59708,44)
(64844,237)
(82812,75)
(45308,229)
(80508,192)
(78252,189)
(10716,217)
(10924,50)
(71532,14)
(14732,194)
(52076,91)
(44812,226)
(10412,127)
(25660,58)
(3468,156)
(15980,187)
(73308,127)
(1740,236)
(94748,181)
(100620,169)
(99052,127)
(39116,120)
(127228,188)
(24892,195)
(79532,224)
(97980,236)
(8812,87)
(90988,229)
(69676,194)
(88780,157)
(138188,120)
(37324,190)
(50876,239)
(63884,182)
(127548,131)
(77372,178)
(63900,181)
(24540,171)
(58460,229)
(37116,142)
(25484,120)
(100668,155)
(62076,238)
(114236,158)
(120844,22)
(51084,86)
(4332,73)
(59452,218)
(63372,182)
(92428,228)
(57900,14)
(60924,193)
(110092,187)
(29724,239)
(26348,237)
(73836,236)
(76892,145)
(55948,133)
(113116,26)
(83356,43)
(45964,237)
(93740,181)
(134092,182)
(125628,237)
(15068,229)
(556,237)
(129692,181)
(44956,111)
(476,178)
(51564,142)
(135404,134)
(84540,229)
(107180,191)
(52060,167)
(34764,187)
(22060,170)
(106092,50)
(59436,144)
(31596,121)
(49404,98)
(15180,182)
(86972,211)
(47468,119)
(67292,122)
(32140,133)
(106188,85)
(34892,57)
(113596,121)
(69308,189)
(110252,73)
(38492,58)
(43708,80)
(67596,94)
(32092,231)
(102892,236)
(82620,178)
(98524,69)
(1484,218)
(138220,151)
(45052,237)
(10556,127)
(86060,50)
(84780,176)
(116268,195)
(86172,223)
(96492,239)
(119996,58)
(131868,144)
(28380,180)
(61196,128)
(70732,237)
(44636,236)
(76636,158)
(104012,182)
(104364,187)
(14268,61)
(73900,20)
(113100,133)
(93404,223)
(44556,237)
(112572,98)
(101116,15)
(36220,47)
(135324,38)
(68268,155)
(13340,96)
(60652,108)
(89708,237)
(96060,33)
(10268,237)
(35052,195)
(89916,50)
(19372,205)
(128684,24)
(97372,121)
(137452,178)
(122780,60)
(81420,190)
(5596,151)
(115132,229)
(95116,170)
(121532,55)
(66812,84)
(52588,224)
(118876,23)
(88412,25)
(60124,103)
(77948,106)
(50044,93)
(63644,183)
(91308,45)
(93708,38)
(131036,105)
(132316,45)
(11788,228)
(23516,217)
(20140,236)
(39996,193)
(32396,182)
(44780,61)
(15484,236)
(46540,23)
(27932,128)
(112716,164)
(32060,182)
(77388,201)
(9740,236)
(110124,217)
(29436,171)
(118988,216)
(106940,120)
(10156,75)
(62892,80)
(7884,67)
(25884,140)
(7740,238)
(45532,236)
(44028,48)
(55580,93)
(57932,225)
(89164,146)
(109308,228)
(22364,230)
(47452,195)
(6972,49)
(75932,12)
(82700,236)
(115228,235)
(120636,237)
(25644,168)
(80956,181)
(29868,139)
(780,111)
(15692,177)
(25052,183)
(48876,34)
(105724,60)
(120812,14)
(115692,180)
(123788,226)
(127052,170)
(97100,116)
(37932,239)
(49388,195)
(94124,121)
(60556,164)
(2172,168)
(87404,118)
(96812,216)
(129036,86)
(57612,193)
(90540,120)
(106428,68)
(89340,154)
(15148,181)
(120364,86)
(116028,98)
(5996,74)
(748,110)
(69292,190)
(85996,109)
(58620,121)
(23692,157)
(51148,177)
(40028,127)
(15196,94)
(84412,238)
(134924,213)
(75100,230)
(64876,238)
(41180,239)
(12188,230)
(20284,86)
(62540,56)
(16204,25)
(22428,225)
(102940,237)
(14012,39)
(83228,180)
(85612,238)
(107260,226)
(103964,139)
(115276,73)
(46236,156)
(12492,239)
(10572,236)
(110364,140)
(4444,236)
(72444,183)
(67708,31)
(47692,226)
(122636,228)
(126924,171)
(129388,86)
(97228,169)
(23436,70)
(29036,143)
(43036,170)
(68028,194)
(70748,237)
(27036,225)
(39596,156)
(78332,67)
(89372,68)
(55900,170)
(59884,218)
(73420,19)
(136748,27)
(11500,19)
(111948,194)
(90476,230)
(63324,152)
(39244,70)
(128412,72)
(65276,110)
(1868,134)
(42524,216)
(13596,182)
(44332,127)
(77932,229)
(18636,44)
(127212,24)
(119948,238)
(61084,122)
(79692,225)
(86028,132)
(132812,22)
(52988,237)
(11452,86)
(62508,171)
(127852,48)
(5660,168)
(3532,236)
(21468,228)
(4508,86)
(53468,97)
(79788,117)
(11900,67)
(3052,212)
(54044,120)
(82860,128)
(112684,103)
(35164,178)
(117532,147)
(39660,156)
(133628,231)
(115324,187)
(70108,69)
(77580,214)
(25804,51)
(52524,212)
(110412,228)
(53276,55)
(84876,238)
(116396,62)
(27356,14)
(20716,187)
(43612,191)
(29644,230)
(75084,228)
(49068,158)
(112156,216)
(49292,127)
(57420,24)
(102220,238)
(109916,231)
(112268,145)
(116508,237)
(11212,239)
(29532,236)
(32588,50)
(26092,57)
(57660,165)
(136012,70)
(26908,178)
(71612,177)
(103836,47)
(98940,180)
(62156,194)
(10940,84)
(97276,94)
(58364,230)
(64332,105)
(30364,228)
(90492,44)
(123964,116)
(46604,94)
(62428,146)
(82572,34)
(27196,120)
(136892,37)
(37084,229)
(111388,189)
(132268,192)
(91708,218)
(108412,86)
(30796,239)
(132348,216)
(34012,231)
(48556,178)
(77404,62)
(102508,229)
(29852,216)
(76844,144)
(37308,179)
(39516,85)
(54492,236)
(42284,237)
(45596,216)
(67740,134)
(80076,218)
(126140,183)
(136972,226)
(86268,14)
(11228,214)
(79836,60)
(106892,217)
(121836,182)
(137068,191)
(83372,238)
(2940,224)
(12860,84)
(25580,230)
(7980,49)
(2492,56)
(87756,229)
(4124,180)
(52812,181)
(97612,193)
(123644,120)
(70348,129)
(48828,23)
(40700,36)
(114380,216)
(117052,120)
(114876,26)
(108716,187)
(16668,236)
(49900,238)
(122460,103)
(60668,51)
(6348,236)
(9436,214)
(85020,60)
(32316,98)
(76812,48)
(109244,25)
(31580,92)
(84028,237)
(42988,83)
(7068,169)
(121516,44)
(87548,84)
(82476,127)
(129612,192)
(42876,183)
(125884,24)
(6716,58)
(129948,178)
(14812,121)
(89900,120)
(38300,238)
(106332,74)
(2636,225)
(107660,105)
(56636,87)
(128268,84)
(22028,13)
(25020,179)
(48572,177)
(104604,228)
(53932,32)
(104572,231)
(87196,37)
(9788,223)
(8668,181)
(9948,13)
(129308,195)
(68604,55)
(7292,122)
(62908,228)
(23276,180)
(92940,212)
(7484,169)
(49516,97)
(63308,236)
(26956,110)
(80988,231)
(25836,180)
(81404,46)
(63388,95)
(32684,48)
(71020,216)
(111308,191)
(54620,146)
(104652,146)
(87420,169)
(20396,140)
(129964,183)
(24972,146)
(17948,134)
(132636,230)
(9580,224)
(49180,49)
(68924,45)
(92588,62)
(64780,85)
(70220,230)
(96204,60)
(73660,212)
(115548,215)
(28348,156)
(41884,180)
(38636,180)
(85628,72)
(127836,75)
(79452,44)
(18412,193)
(11324,68)
(90572,62)
(28700,43)
(11276,20)
(102108,237)
(64108,85)
(60236,145)
(69724,120)
(136188,193)
(124684,14)
(70076,121)
(132412,169)
(80780,228)
(58252,238)
(54540,183)
(46188,109)
(56700,168)
(18828,239)
(102620,110)
(67756,239)
(63916,14)
(124588,181)
(127580,230)
(68508,177)
(80972,20)
(133900,239)
(21996,218)
(35804,142)
(116444,171)
(50652,158)
(84396,33)
(101356,156)
(41996,146)
(73132,49)
(134764,237)
(77868,85)
(119404,189)
(107020,118)
(122204,190)
(24220,223)
(60812,120)
(69388,194)
(72844,183)
(70988,145)
(22796,229)
(81372,194)
(122924,239)
(108572,236)
(35916,237)
(43964,191)
(98700,82)
(17420,231)
(26140,38)
(74028,75)
(34668,48)
(22444,132)
(41148,70)
(82396,170)
(77596,46)
(122060,230)
(39276,238)
(53548,140)
(58492,143)
(39788,139)
(137244,193)
(123580,206)
(90940,177)
(126524,129)
(49324,85)
(53260,225)
(15276,170)
(7788,110)
(126300,15)
(35340,69)
(135884,45)
(9388,200)
(46940,218)
(137164,120)
(94796,223)
(54572,122)
(54652,44)
(54716,237)
(125660,168)
(97548,238)
(87324,127)
(80460,217)
(25548,188)
(83276,216)
(103244,130)
(5356,133)
(6700,180)
(15468,139)
(123852,72)
(50684,96)
(54092,109)
(41580,128)
(133980,38)
(101052,195)
(122268,121)
(123452,181)
(55884,225)
(2572,228)
(19084,238)
(104700,195)
(57388,163)
(91756,26)
(137036,168)
(10812,187)
(34140,134)
(21436,226)
(82844,216)
(45852,120)
(63340,239)
(92796,46)
(36236,81)
(48348,226)
(37548,230)
(71692,195)
(90364,24)
(101196,103)
(66300,215)
(10492,191)
(49468,193)
(94172,38)
(68460,118)
(104060,117)
(60492,67)
(35372,163)
(45020,132)
(120284,15)
(17884,84)
(118124,223)
(135564,216)
(75324,182)
(91148,107)
(21420,134)
(74364,182)
(109756,118)
(34716,187)
(120908,34)
(107212,195)
(79884,239)
(31340,94)
(127692,85)
(134428,132)
(98556,152)
(115068,109)
(68492,158)
(137596,229)
(1372,158)
(18524,144)
(5388,228)
(116524,83)
(122444,38)
(86380,175)
(27852,86)
(11708,171)
(13644,189)
(133644,84)
(7708,15)
(26588,230)
(1244,35)
(124124,97)
(109452,60)
(117564,238)
(62124,121)
(36444,133)
(100060,133)
(138428,167)
(12028,120)
(114860,207)
(69708,71)
(71916,120)
(1820,236)
(7692,194)
(30700,216)
(74300,239)
(118044,239)
(39404,132)
(34748,239)
(134300,83)
(79516,132)
(34460,191)
(66172,62)
(75740,120)
(37788,236)
(19852,134)
(38124,158)
(60476,180)
(107740,188)
(91980,120)
(93628,237)
(9180,73)
(85212,158)
(105260,229)
(91596,218)
(100748,229)
(114108,218)
(136780,170)
(109676,213)
(24012,190)
(19196,216)
(115388,193)
(89292,96)
(134748,229)
(52684,236)
(100156,223)
(43660,229)
(105516,181)
(17836,79)
(115644,110)
(4620,182)
(41836,120)
(103164,131)
(83724,115)
(63948,108)
(107644,87)
(110076,235)
(110844,229)
(138124,50)
(53804,164)
(128844,35)
(23020,187)
(56412,105)
(69196,231)
(110892,191)
(91036,86)
(120876,130)
(104492,56)
(22204,182)
(33260,181)
(75340,224)
(128524,109)
(55644,38)
(127148,230)
(61308,15)
(133148,182)
(124188,22)
(5276,107)
(70012,182)
(98460,211)
(57308,51)
(96428,156)
(66156,239)
(58796,236)
(120108,73)
(50060,134)
(7436,157)
(11964,142)
(26444,155)
(27788,225)
(133340,46)
(67084,108)
(87516,239)
(87836,166)
(118636,50)
(14844,85)
(49564,181)
(75292,45)
(45452,107)
(46700,230)
(129708,128)
(114076,217)
(48620,229)
(15228,111)
(9676,192)
(60572,215)
(17804,195)
(61036,163)
(116844,73)
(46988,91)
(66204,151)
(43212,144)
(81948,178)
(17196,226)
(97948,84)
(69756,158)
(99708,12)
(89868,225)
(71052,85)
(87916,87)
(77724,86)
(110028,238)
(128780,193)
(102012,231)
(98380,228)
(21004,44)
(10396,239)
(77244,193)
(13388,179)
(30716,218)
(48924,194)
(72012,131)
(87100,230)
(68652,158)
(8732,50)
(16620,229)
(126284,39)
(68780,79)
(38892,168)
(86236,237)
(1964,182)
(29388,12)
(110636,223)
(105660,155)
(9708,225)
(58604,225)
(107036,109)
(13100,120)
(5724,238)
(58556,193)
(121644,70)
(68732,122)
(10780,133)
(71452,236)
(68556,189)
(33596,230)
(133116,170)
(21116,21)
(22172,43)
(22588,120)
(93964,120)
(27868,120)
(127884,193)
(6332,96)
(99356,140)
(46668,48)
(127628,93)
(109436,170)
(66700,145)
(27180,212)
(40316,103)
(492,97)
(92268,120)
(7948,72)
(100124,189)
(96012,193)
(35884,14)
(46972,205)
(135068,74)
(36636,120)
(54268,132)
(100860,228)
(77020,38)
(108492,19)
(127916,217)
(9100,23)
(42028,46)
(43244,24)
(57052,223)
(62460,187)
(67100,111)
(117292,229)
(116140,190)
(52220,59)
(58396,79)
(101404,168)
(40668,195)
(89468,155)
(9084,237)
(92284,142)
(53612,130)
(62684,182)
(94268,237)
(119132,159)
(107340,224)
(117148,182)
(31468,74)
(85692,55)
(44444,216)
(63468,216)
(65980,120)
(29612,179)
(126364,217)
(109372,223)
(73020,217)
(15868,60)
(101180,120)
(137772,180)
(79484,218)
(36172,194)
(112284,36)
(85900,44)
(49788,176)
(91804,146)
(36108,229)
(114572,230)
(124172,132)
(72556,146)
(118732,48)
(129340,159)
(76860,135)
(100348,120)
(135724,190)
(81564,80)
(130588,85)
(111164,178)
(124732,121)
(23564,167)
(36620,119)
(45372,215)
(44140,193)
(30972,216)
(111724,98)
(76572,86)
(88476,106)
(124924,128)
(113932,230)
(85132,120)
(34332,183)
(92108,122)
(134652,230)
(28924,195)
(58044,228)
(32044,188)
(82908,61)
(9452,181)
(17292,24)
(67148,129)
(98188,44)
(72540,223)
(88236,237)
(91004,238)
(100908,224)
(47820,169)
(87596,217)
(11628,109)
(12252,68)
(57532,94)
(14924,169)
(23052,109)
(65324,166)
(84268,212)
(108524,193)
(107932,164)
(114268,51)
(135484,189)
(114540,73)
(6060,68)
(48764,239)
(84844,163)
(21788,49)
(128716,194)
(29004,237)
(113964,72)
(74188,168)
(135100,37)
(123980,216)
(38684,134)
(94588,237)
(36140,214)
(95484,237)
(11804,214)
(111756,120)
(43324,87)
(56172,180)
(113356,24)
(24652,93)
(126508,127)
(133500,218)
(116076,239)
(92812,129)
(27020,79)
(33676,237)
(97820,60)
(89820,229)
(114812,14)
(54220,84)
(20668,194)
(34956,14)
(104636,37)
(82220,139)
(84204,33)
(128652,23)
(23996,223)
(61820,216)
(59596,239)
(1356,134)
(74524,180)
(80940,146)
(122668,51)
(37708,38)
(49052,179)
(55340,134)
(126108,134)
(21404,183)
(39740,111)
(23468,33)
(130684,182)
(7772,123)
(66188,182)
(60268,145)
(125324,67)
(3548,37)
(84380,95)
(88908,238)
(27948,226)
(49580,226)
(60972,182)
(67180,238)
(92252,96)
(84668,215)
(89324,183)
(156,132)
(130572,130)
(26924,133)
(133596,217)
(119804,194)
(120764,187)
(94140,223)
(7228,229)
(69564,191)
(87004,239)
(101276,228)
(106684,226)
(131532,158)
(30620,60)
(100924,99)
(100716,93)
(103980,154)
(23212,239)
(38940,98)
(4220,45)
(12156,97)
(88508,230)
(114588,235)
(108252,177)
(119196,183)
(83900,218)
(43356,145)
(71276,145)
(58108,97)
(109164,12)
(53948,110)
(76604,231)
(106668,182)
(121372,218)
(124828,37)
(79212,181)
(111628,120)
(131756,46)
(24668,96)
(55516,75)
(97932,178)
(1004,182)
(5772,44)
(7180,72)
(11004,32)
(27916,235)
(9772,72)
(56476,51)
(138332,231)
(21068,191)
(33292,22)
(95580,237)
(57820,230)
(22572,25)
(19388,146)
(86668,94)
(54556,181)
(130972,14)
(94220,96)
(14556,225)
(135788,238)
(82204,96)
(21244,85)
(26764,85)
(57260,87)
(33964,33)
(75644,194)
(33980,182)
(96076,37)
(127340,168)
(127484,158)
(16748,238)
(129516,191)
(136988,128)
(72380,180)
(95660,92)
(105180,84)
(64188,146)
(48284,50)
(62636,217)
(105020,188)
(122732,216)
(128348,135)
(28956,237)
(32812,237)
(99660,24)
(118220,96)
(74956,115)
(112988,98)
(62700,97)
(111212,182)
(5404,237)
(99468,187)
(122412,131)
(61676,43)
(76700,62)
(48700,86)
(80476,123)
(64540,229)
(119100,212)
(134284,115)
(121004,180)
(56844,84)
(113036,129)
(10172,218)
(79132,190)
(16428,183)
(41740,182)
(94844,231)
(136700,169)
(88636,182)
(118764,109)
(50204,236)
(121660,193)
(10300,239)
(20860,181)
(38140,236)
(62060,60)
(3644,235)
(43148,199)
(120412,229)
(9868,229)
(53596,72)
(31644,97)
(96700,38)
(46076,63)
(105132,226)
(94524,214)
(111100,121)
(109420,229)
(75596,115)
(84604,45)
(5884,120)
(66316,75)
(93276,238)
(92236,216)
(108444,229)
(129100,130)
(39932,181)
(20700,146)
(121292,223)
(27516,155)
(113916,217)
(18268,32)
(16972,33)
(41820,228)
(32332,191)
(72828,75)
(107868,237)
(133420,120)
(37980,44)
(39804,110)
(62172,118)
(62332,26)
(78172,86)
(12092,157)
(65564,51)
(16364,238)
(48236,25)
(71468,230)
(34444,98)
(9356,218)
(40012,60)
(75836,182)
(122796,91)
(73196,188)
(38316,74)
(114156,121)
(47436,238)
(50428,144)
(54444,49)
(66588,158)
(75036,72)
(37452,69)
(95788,229)
(85708,164)
(115260,231)
(117132,63)
(105436,144)
(134572,153)
(1660,94)
(53708,156)
(6124,133)
(44540,230)
(94508,237)
(69436,154)
(120012,168)
(113900,187)
(99676,72)
(44,158)
(11612,195)
(109084,56)
(111132,121)
(135164,86)
(87692,121)
(105772,239)
(6844,193)
(35116,191)
(47580,62)
(15676,230)
(69148,108)
(876,175)
(68012,38)
(27692,60)
(105932,83)
(103212,13)
(31164,120)
(57228,97)
(19116,178)
(14620,122)
(21132,22)
(57868,224)
(92092,59)
(122124,109)
(108844,230)
(110236,180)
(38556,230)
(85836,191)
(80572,94)
(105468,238)
(73068,169)
(125932,39)
(100460,237)
(123708,195)
(125244,229)
(9004,75)
(136300,168)
(68108,85)
(106396,50)
(99820,59)
(19836,86)
(53692,93)
(1788,81)
(79724,57)
(103676,45)
(21260,59)
(25388,133)
(54076,55)
(11692,238)
(12748,127)
(80204,98)
(81884,62)
(7324,142)
(55020,183)
(95020,59)
(65756,223)
(113740,225)
(93916,120)
(48652,168)
(8268,188)
(125308,97)
(123740,153)
(119756,110)
(9020,195)
(620,193)
(3068,238)
(24732,74)
(58764,228)
(109612,169)
(59100,94)
(45996,74)
(72668,121)
(105852,37)
(94636,193)
(33100,237)
(63196,49)
(109852,236)
(46684,218)
(106076,94)
(63548,188)
(60604,195)
(127788,182)
(10364,158)
(99500,214)
(12812,129)
(112140,216)
(93324,237)
(121612,97)
(85948,111)
(30924,195)
(85740,158)
(126380,194)
(110876,133)
(78060,55)
(136444,32)
(110332,15)
(11660,60)
(121628,103)
(119452,182)
(52732,22)
(133180,195)
(66108,168)
(27676,194)
(132364,74)
(43388,145)
(77068,60)
(8748,147)
(22668,214)
(60828,130)
(103308,177)
(105820,94)
(100524,187)
(17052,187)
(42812,51)
(12796,86)
(110444,230)
(75132,121)
(109516,193)
(129500,75)
(13036,108)
(15532,33)
(95260,62)
(105068,27)
(49724,205)
(11980,85)
(5116,239)
(700,83)
(55228,224)
(103532,111)
(49916,181)
(71836,238)
(123356,190)
(65612,239)
(71868,168)
(80316,188)
(75020,223)
(75388,238)
(8620,237)
(64348,84)
(86524,116)
(13420,229)
(81148,120)
(102876,116)
(29836,20)
(66876,191)
(78188,155)
(86108,189)
(105564,216)
(61052,14)
(20364,86)
(49980,49)
(10284,239)
(29084,91)
(22860,237)
(109068,182)
(2396,214)
(51884,230)
(63708,239)
(75068,178)
(135228,33)
(70652,143)
(59628,230)
(136668,75)
(20988,156)
(117628,120)
(14972,96)
(85452,236)
(96748,27)
(77628,119)
(52428,145)
(55996,239)
(111404,145)
(110988,69)
(133804,62)
(69820,120)
(104444,117)
(46732,238)
(55388,144)
(12556,229)
(107356,33)
(73468,178)
(33564,158)
(86572,106)
(11388,236)
(121324,120)
(105356,195)
(34876,96)
(113884,144)
(49132,92)
(118620,134)
(132124,60)
(129452,85)
(99756,229)
(82684,170)
(134380,71)
(123532,195)
(90812,62)
(96572,166)
(97132,154)
(107564,120)
(45164,48)
(78908,85)
(4348,170)
(96828,189)
(133484,194)
(75516,38)
(123996,82)
(58428,25)
(89932,187)
(21164,13)
(78012,187)
(21820,14)
(43724,99)
(87484,79)
(76732,188)
(102204,228)
(133884,231)
(88556,239)
(91372,231)
(92508,83)
(39836,120)
(121420,181)
(21484,121)
(68876,135)
(132188,81)
(82284,175)
(134812,140)
(87180,189)
(117164,74)
(74732,134)
(127660,238)
(125084,20)
(92,151)
(72700,45)
(101916,12)
(130620,144)
(66668,218)
(113532,218)
(136620,104)
(82332,144)
(61964,187)
(82508,180)
(71756,94)
(85308,238)
(97596,239)
(133404,228)
(77100,212)
(51676,216)
(1852,21)
(15628,96)
(58092,194)
(71980,187)
(95756,188)
(59964,31)
(90460,224)
(61004,71)
(136876,12)
(137420,229)
(55500,225)
(76540,97)
(9852,238)
(23724,182)
(83516,129)
(72684,119)
(33772,178)
(105164,235)
(8876,229)
(99804,195)
(130908,23)
(132476,178)
(20060,95)
(45132,182)
(79084,87)
(78652,31)
(133580,86)
(125836,145)
(28460,191)
(21964,235)
(63596,121)
(23884,238)
(52348,238)
(110732,223)
(65836,228)
(99420,228)
(92556,61)
(96140,181)
(136076,121)
(77804,165)
(43276,218)
(1772,44)
(6012,228)
(120716,129)
(50140,86)
(45740,218)
(99036,230)
(1996,13)
(66476,22)
(32956,238)
(122028,73)
(52908,50)
(87996,223)
(76300,181)
(116380,230)
(16988,146)
(102348,194)
(29580,106)
(122684,130)
(33084,154)
(88300,109)
(57340,45)
(129260,45)
(35388,238)
(33468,127)
(34300,163)
(105628,121)
(116284,145)
(130188,50)
(48476,191)
(109020,60)
(92828,167)
(30108,51)
(95884,107)
(124076,61)
(15740,61)
(27484,93)
(56876,128)
(107948,237)
(71820,158)
(1452,75)
(78796,85)
(15836,105)
(82108,217)
(63932,131)
(66460,72)
(93788,229)
(109948,193)
(67580,216)
(3356,116)
(68076,238)
(68956,237)
(81180,109)
(18044,228)
(51436,155)
(93036,167)
(99164,116)
(8428,36)
(76348,231)
(18092,74)
(42508,230)
(111356,98)
(109628,218)
(91164,127)
(98348,194)
(123292,146)
(48028,180)
(53308,122)
(7612,69)
(13996,239)
(95852,226)
(19868,183)
(65532,238)
(47916,85)
(54460,228)
(70204,164)
(95196,195)
(91180,167)
(111692,26)
(110716,206)
(121196,48)
(108092,218)
(44732,13)
(38076,120)
(132172,167)
(109724,230)
(73884,169)
(30572,178)
(29740,218)
(42268,121)
(35020,229)
(129804,193)
(53580,237)
(12076,236)
(42012,130)
(39692,169)
(32236,228)
(33740,55)
(37436,131)
(52844,44)
(101004,59)
(131804,130)
(36028,120)
(30140,87)
(39004,214)
(19484,69)
(16220,237)
(64252,132)
(4636,194)
(40876,14)
(107708,21)
(42460,72)
(50396,191)
(59836,122)
(128476,217)
(126428,223)
(62380,84)
(5564,230)
(71948,182)
(4172,187)
(96380,226)
(113196,167)
(67452,216)
(113820,236)
(51020,159)
(77900,189)
(112172,235)
(25276,31)
(111452,119)
(82076,182)
(112460,122)
(36316,134)
(18012,48)
(14444,176)
(23948,180)
(123324,228)
(31388,62)
(73036,105)
(70620,191)
(33852,229)
(60092,193)
(9308,236)
(83180,50)
(95388,239)
(85324,71)
(47804,195)
(38460,224)
(58172,228)
(95468,217)
(86284,191)
(131404,238)
(32156,239)
(18236,103)
(87708,50)
(126940,133)
(88428,164)
(59516,147)
(95708,13)
(84508,72)
(26876,105)
(31292,179)
(100956,79)
(31612,72)
(118828,120)
(64652,15)
(5644,37)
(34124,35)
(13964,38)
(88444,163)
(71724,69)
(101852,194)
(129084,57)
(79996,230)
(25148,237)
(92892,43)
(106300,238)
(101532,24)
(122588,156)
(135260,134)
(80028,226)
(19900,144)
(120732,218)
(100988,85)
(24844,34)
(42204,116)
(42428,85)
(115932,145)
(100300,187)
(93292,239)
(70668,38)
(8844,68)
(76364,87)
(13276,231)
(116892,217)
(30556,230)
(125388,140)
(113212,110)
(51964,212)
(53212,23)
(105276,36)
(8556,111)
(102076,195)
(7868,69)
(38716,132)
(29772,70)
(114652,58)
(98748,231)
(59500,152)
(121244,193)
(106220,187)
(93980,237)
(3820,93)
(104108,61)
(116588,103)
(1676,182)
(130156,47)
(17340,67)
(88796,171)
(15596,195)
(81244,188)
(68524,228)
(12636,33)
(100012,182)
(81628,109)
(118604,121)
(21916,13)
(14492,86)
(82348,239)
(83964,32)
(42956,108)
(99212,119)
(98956,117)
(30588,146)
(37260,181)
(34652,177)
(33500,195)
(89980,230)
(82652,228)
(124796,121)
(39340,237)
(45644,176)
(100364,235)
(121116,50)
(104220,189)
(49356,212)
(81676,212)
(96316,216)
(134956,228)
(42908,226)
(51164,187)
(8492,230)
(96796,133)
(18364,223)
(74604,103)
(71804,98)
(80300,226)
(112828,24)
(61340,132)
(40796,97)
(74204,36)
(102764,182)
(99084,169)
(106316,237)
(71036,82)
(123660,237)
(34044,104)
(77516,180)
(42748,218)
(110156,237)
(108284,237)
(118796,195)
(128540,60)
(81692,106)
(10908,75)
(62652,98)
(100604,50)
(91100,228)
(41532,87)
(89100,183)
(122076,230)
(57020,109)
(16316,194)
(108332,225)
(57100,24)
(14892,229)
(134636,134)
(93052,236)
(9404,19)
(57628,13)
(47948,223)
(10796,182)
(17964,231)
(59260,97)
(110268,216)
(21388,228)
(105196,38)
(10700,230)
(36396,111)
(39532,229)
(79004,194)
(132284,230)
(7388,176)
(19148,63)
(20652,170)
(131452,195)
(25340,181)
(6748,180)
(87804,61)
(55116,187)
(97244,230)
(90732,34)
(98684,154)
(50668,145)
(11932,159)
(25820,24)
(134220,177)
(36956,238)
(31004,231)
(28204,157)
(132588,95)
(82828,177)
(4972,24)
(115676,25)
(85548,24)
(110108,212)
(58876,50)
(72316,134)
(133276,141)
(26668,120)
(32108,239)
(134108,123)
(8972,143)
(5548,105)
(50588,239)
(60444,109)
(17132,70)
(119052,216)
(66540,225)
(58908,214)
(23484,189)
(29692,171)
(20124,238)
(80124,224)
(31516,159)
(3372,238)
(124860,44)
(36732,236)
(75628,115)
(138268,147)
(82428,71)
(70396,67)
(101836,223)
(78540,55)
(35948,145)
(102188,32)
(102780,236)
(77340,236)
(84620,130)
(16012,229)
(65228,48)
(137868,94)
(137692,14)
(73724,229)
(112588,120)
(79260,237)
(115436,14)
(52412,183)
(63804,237)
(125260,36)
(131644,34)
(136124,171)
(33388,217)
(117756,110)
(119740,217)
(72348,61)
(81356,129)
(108124,127)
(28076,195)
(31740,214)
(116540,50)
(53756,213)
(75260,145)
(136508,229)
(91084,38)
(114908,239)
(60940,228)
(24812,109)
(41676,61)
(111068,182)
(34348,27)
(18380,216)
(118236,169)
(47724,59)
(101420,180)
(29228,200)
(8700,31)
(38876,127)
(112204,20)
(118924,195)
(2620,96)
(65468,23)
(95308,145)
(57164,12)
(126348,192)
(110284,135)
(98172,236)
(6492,55)
(106156,239)
(113564,119)
(5164,48)
(76780,238)
(117324,129)
(71116,178)
(38204,73)
(99388,168)
(32540,121)
(23788,217)
(121276,190)
(91356,98)
(103196,116)
(75404,14)
(5132,235)
(41212,55)
(72044,225)
(24780,35)
(136332,224)
(82140,190)
(91292,49)
(11292,191)
(71564,239)
(25004,27)
(38012,38)
(64492,127)
(27580,56)
(71932,123)
(57756,191)
(119228,22)
(125980,191)
(1724,180)
(428,188)
(119820,36)
(9068,19)
(1900,181)
(94332,238)
(65772,179)
(6156,168)
(84860,109)
(83420,229)
(107468,61)
(109644,67)
(97356,38)
(36860,230)
(24492,72)
(131356,182)
(137516,119)
(86444,134)
(118812,187)
(83996,191)
(35852,195)
(131180,108)
(16188,79)
(101084,159)
(103484,182)
(50028,204)
(124108,143)
(58140,134)
(9836,50)
(121772,183)
(40540,190)
(120476,236)
(56556,97)
(62572,105)
(40364,109)
(11644,144)
(88348,230)
(121132,223)
(130460,229)
(1404,236)
(58188,142)
(44252,194)
(73772,194)
(82188,168)
(93372,182)
(107532,145)
(108876,195)
(125004,194)
(21020,84)
(15340,153)
(113708,115)
(48684,12)
(133260,228)
(1308,224)
(22892,170)
(12300,128)
(118412,132)
(10092,228)
(32508,153)
(39228,24)
(45388,84)
(55708,239)
(35644,212)
(96364,145)
(6092,31)
(107388,226)
(20524,141)
(79100,228)
(97004,120)
(52028,170)
(87932,181)
(115724,122)
(125180,182)
(66652,153)
(19436,194)
(38348,237)
(92380,104)
(35548,225)
(123004,111)
(53724,193)
(56204,218)
(111148,195)
(37148,26)
(51724,47)
(64300,38)
(58268,44)
(42860,140)
(46716,120)
(10748,22)
(85980,229)
(125452,164)
(8284,123)
(36972,231)
(129468,238)
(26076,164)
(39324,228)
(71548,99)
(132524,223)
(46748,193)
(91644,135)
(107836,55)
(83564,195)
(103852,43)
(32412,217)
(7356,200)
(101788,178)
(49756,55)
(17644,128)
(8236,191)
(15452,63)
(106284,200)
(52828,205)
(50860,93)
(98716,38)
(134892,179)
(78492,238)
(61996,31)
(55740,130)
(19980,239)
(3452,131)
(45068,132)
(52508,139)
(60364,182)
(65932,67)
(4796,98)
(55212,236)
(121548,182)
(85276,228)
(74172,182)
(33916,226)
(45500,229)
(85660,237)
(80812,238)
(79068,14)
(74668,129)
(79804,145)
(31180,109)
(86716,12)
(137852,155)
(114204,157)
(61660,35)
(74588,24)
(127420,168)
(87068,168)
(75212,48)
(131820,195)
(131836,120)
(93724,107)
(22956,177)
(127404,121)
(1916,181)
(16396,123)
(135740,158)
(94668,187)
(76076,68)
(50796,60)
(1548,168)
(79740,182)
(75980,235)
(16236,108)
(45708,193)
(118316,43)
(64604,83)
(126812,107)
(58924,127)
(30732,60)
(92684,193)
(110348,229)
(110380,167)
(98764,71)
(102396,133)
(137756,181)
(50188,122)
(122700,212)
(27708,154)
(29372,110)
(49964,193)
(39388,230)
(21340,73)
(59980,170)
(125580,127)
(28540,94)
(53324,231)
(129068,71)
(16524,118)
(50716,228)
(134940,120)
(113612,131)
(125532,117)
(135708,230)
(121228,226)
(97452,238)
(38828,225)
(82156,224)
(130300,167)
(115900,14)
(112412,69)
(122988,239)
(87740,130)
(11020,190)
(26380,37)
(18540,97)
(32716,67)
(11052,225)
(70156,143)
(58124,49)
(72204,13)
(115788,110)
(95100,108)
(131276,127)
(52172,182)
(90348,118)
(111244,224)
(54588,71)
(18028,159)
(3724,129)
(54060,239)
(91420,26)
(101964,224)
(38700,213)
(81292,168)
(26252,169)
(83404,26)
(56748,195)
(109884,229)
(19788,231)
(28636,27)
(122300,131)
(29788,239)
(37212,117)
(104156,97)
(8684,158)
(54252,238)
(30396,230)
(78028,45)
(69996,143)
(12524,20)
(71084,31)
(6556,44)
(117020,163)
(109548,111)
(75756,178)
(129756,182)
(122540,195)
(9036,237)
(22700,237)
(67564,190)
(123420,49)
(78860,72)
(79420,154)
(39548,153)
(53900,218)
(65308,12)
(59756,85)
(86780,120)
(2348,60)
(109196,157)
(108268,182)
(89948,91)
(1804,24)
(99996,216)
(14172,230)
(70332,181)
(27276,211)
(98284,61)
(62940,80)
(81004,183)
(8940,229)
(91516,190)
(21740,82)
(59212,120)
(119324,14)
(9820,50)
(75660,130)
(122092,37)
(23356,48)
(85116,73)
(26652,165)
(102604,159)
(69916,35)
(100780,85)
(9244,211)
(117068,167)
(49660,237)
(17612,204)
(78812,212)
(97308,176)
(38780,238)
(129436,207)
(127932,155)
(99276,170)
(38092,141)
(62348,63)
(124780,230)
(25244,205)
(29676,228)
(58940,73)
(24940,127)
(30540,74)
(77548,117)
(43820,190)
(54732,237)
(67868,98)
(25500,36)
(31404,105)
(81036,14)
(121932,87)
(29884,170)
(124652,177)
(15772,71)
(4764,182)
(98636,189)
(59148,104)
(121020,182)
(4524,191)
(109772,129)
(127708,110)
(25564,13)
(5468,153)
(126412,85)
(114124,225)
(20748,236)
(131660,170)
(74556,36)
(102924,171)
(23660,25)
(117820,123)
(131948,33)
(34924,151)
(6364,128)
(9228,236)
(72268,195)
(102492,226)
(126572,12)
(43020,193)
(73788,239)
(98828,195)
(63052,127)
(59308,60)
(121148,86)
(36828,237)
(97692,84)
(102140,229)
(82924,236)
(129052,116)
(9596,49)
(79116,238)
(125612,214)
(53916,225)
(130652,118)
(108956,203)
(5980,14)
(35084,71)
(113340,190)
(101292,181)
(119836,238)
(121212,165)
(107308,229)
(35740,123)
(59916,181)
(42124,72)
(71244,154)
(125724,55)
(136060,128)
(42316,167)
(44684,228)
(61756,180)
(101388,157)
(40268,68)
(122476,37)
(127900,85)
(93388,36)
(11948,73)
(79772,224)
(135020,85)
(78108,26)
(57804,228)
(108060,61)
(6172,182)
(113996,97)
(3612,238)
(41372,73)
(88268,216)
(1436,226)
(62780,228)
(18444,170)
(48252,123)
(5868,120)
(51612,230)
(53404,195)
(130060,228)
(4140,179)
(9692,169)
(20460,143)
(8300,238)
(48796,85)
(63564,144)
(108044,237)
(114636,73)
(65484,84)
(118140,92)
(21564,238)
(97996,24)
(31356,83)
(62476,169)
(62844,97)
(75900,176)
(15660,223)
(105500,118)
(124508,99)
(117596,170)
(118076,49)
(79932,238)
(25468,237)
(126252,190)
(12764,43)
(135692,190)
(42588,216)
(69404,132)
(108140,239)
(89452,171)
(43164,194)
(77292,32)
(38860,144)
(220,43)
(53676,229)
(118476,45)
(119500,70)
(972,217)
(121100,26)
(134188,109)
(38844,133)
(61548,229)
(58028,128)
(60716,132)
(63260,182)
(1756,193)
(41692,61)
(80428,94)
(78572,25)
(88028,239)
(52092,133)
(62044,230)
(1836,237)
(8124,43)
(118396,61)
(36876,236)
(73820,236)
(14028,230)
(60540,223)
(32556,239)
(50332,193)
(8540,116)
(117548,70)
(55324,37)
(137308,59)
(66780,123)
(53836,62)
(12876,163)
(8380,165)
(56924,61)
(70172,177)
(122188,187)
(2428,94)
(107116,237)
(22748,229)
(63148,106)
(135596,230)
(15724,12)
(110188,56)
(3596,62)
(81852,23)
(108748,238)
(112092,60)
(50380,229)
(79820,14)
(126636,228)
(114332,62)
(62812,71)
(40044,235)
(50908,121)
(108,238)
(41452,237)
(85084,60)
(103356,187)
(120508,230)
(49740,59)
(36604,79)
(56572,45)
(85372,20)
(89420,218)
(101676,217)
(97180,98)
(41052,13)
(90252,239)
(136172,26)
(79580,86)
(43628,179)
(120828,238)
(8092,201)
(5212,236)
(86908,75)
(6860,191)
(3580,92)
(69340,212)
(80700,144)
(7804,214)
(36652,119)
(93068,44)
(95868,49)
(38796,34)
(21548,123)
(2556,182)
(48332,132)
(116700,238)
(69516,238)
(9164,80)
(38604,223)
(16556,24)
(74380,121)
(126124,231)
(102700,170)
(30988,236)
(1036,74)
(39196,183)
(122236,145)
(75964,24)
(114140,146)
(124540,62)
(11100,110)
(41596,182)
(54012,99)
(62828,225)
(35516,147)
(132140,48)
(76476,131)
(96236,145)
(107516,24)
(98108,43)
(120668,117)
(75500,14)
(28844,87)
(49596,115)
(32252,230)
(52124,217)
(4732,238)
(9372,224)
(127676,206)
(28236,32)
(57276,146)
(73404,62)
(11740,82)
(43948,120)
(80140,14)
(134204,118)
(127804,194)
(127100,169)
(71100,127)
(114684,111)
(27404,132)
(27244,74)
(120428,182)
(115660,103)
(52204,218)
(44716,45)
(52252,38)
(55372,229)
(21356,216)
(24700,12)
(19756,178)
(33356,193)
(88572,39)
(34780,91)
(47420,48)
(10668,230)
(73100,31)
(83004,116)
(124700,170)
(77884,120)
(123180,229)
(132540,38)
(47788,181)
(97532,239)
(32124,84)
(104684,123)
(58588,67)
(48380,57)
(22188,92)
(59404,169)
(20044,229)
(72412,170)
(81772,237)
(40684,63)
(69324,192)
(67196,182)
(130732,235)
(86940,36)
(94812,237)
(110828,37)
(46652,110)
(56188,182)
(130860,191)
(64700,230)
(108076,56)
(11436,237)
(61788,193)
(60508,181)
(94572,229)
(58700,37)
(86012,216)
(90044,195)
(96924,72)
(41612,237)
(44204,38)
(38508,224)
(46412,237)
(115404,39)
(129868,229)
(94428,51)
(11468,230)
(40092,59)
(48492,115)
(72892,183)
(131084,164)
(109836,170)
(113804,151)
(17100,140)
(94412,180)
(12236,228)
(69468,177)
(135276,130)
(64380,223)
(92124,230)
(38812,132)
(56124,223)
(72588,225)
(69004,228)
(123804,230)
(61212,167)
(67996,14)
(68300,127)
(116236,229)
(109468,86)
(121308,166)
(50492,193)
(15132,217)
(128156,143)
(126956,19)
(83612,95)
(115532,169)
(133692,169)
(53356,44)
(135996,81)
(22764,157)
(48428,62)
(125020,93)
(93676,182)
(65852,158)
(113580,19)
(80556,225)
(74044,229)
(110140,237)
(1564,166)
(30316,170)
(86764,238)
(103580,122)
(116796,71)
(17900,183)
(135116,230)
(36684,67)
(102252,86)
(125292,237)
(42140,85)
(83788,70)
(65516,61)
(106604,26)
(65036,110)
(109004,87)
(79308,224)
(109708,223)
(135644,216)
(127756,183)
(111740,217)
(44604,34)
(131548,14)
(12844,21)
(99260,190)
(57948,218)
(102300,225)
(22092,164)
(48316,226)
(39948,37)
(63292,62)
(108604,229)
(87276,50)
(129132,224)
(2028,237)
(36476,230)
(46108,169)
(5452,49)
(10428,13)
(63660,13)
(84684,37)
(136380,238)
(129564,235)
(118108,182)
(64236,74)
(27884,111)
(10652,215)
(26508,85)
(130396,38)
(34604,187)
(103900,158)
(73548,123)
(93228,37)
(87676,72)
(87660,177)
(92604,229)
(65660,51)
(107004,47)
(119964,229)
(49436,130)
(67948,195)
(136844,212)
(102316,237)
(125644,44)
(73260,62)
(131308,14)
(20092,216)
(3308,181)
(70428,120)
(78300,191)
(88460,120)
(92988,231)
(114028,178)
(69164,109)
(64892,127)
(61260,182)
(89228,98)
(12732,230)
(42444,204)
(106364,168)
(104508,70)
(93148,193)
(107228,178)
(2124,187)
(50604,108)
(114428,62)
(107436,238)
(1052,109)
(41244,14)
(17980,133)
(56684,230)
(102908,110)
(111052,144)
(60684,235)
(70828,146)
(128668,73)
(64284,50)
(89612,74)
(133308,32)
(47548,238)
(96252,145)
(4428,121)
(118556,70)
(17996,72)
(88972,223)
(113500,24)
(104332,92)
(51068,239)
(92412,225)
(61868,73)
(17788,224)
(9532,236)
(50076,49)
(7500,13)
(56348,51)
(87964,195)
(9612,214)
(36716,21)
(118364,218)
(131212,92)
(138092,119)
(107420,229)
(2252,84)
(91388,170)
(23820,168)
(102588,157)
(17404,83)
(58332,44)
(21084,180)
(70972,24)
(28428,239)
(103420,237)
(62972,72)
(117772,132)
(21196,224)
(132332,236)
(83324,110)
(14252,132)
(107596,231)
(127772,146)
(122956,216)
(109324,193)
(39436,96)
(21324,228)
(44508,37)
(45260,135)
(12652,228)
(57580,85)
(59372,200)
(34076,156)
(126028,127)
(28940,84)
(67772,229)
(4924,123)
(20220,194)
(67052,190)
(26188,15)
(76044,218)
(28668,187)
(48732,92)
(49164,20)
(32172,182)
(96764,239)
(99564,145)
(69244,132)
(30748,152)
(93852,215)
(124476,31)
(89276,91)
(135932,228)
(88252,218)
(69500,130)
(110508,109)
(123308,223)
(30060,190)
(10012,62)
(61068,79)
(38220,134)
(96540,236)
(25532,92)
(34988,217)
(82460,140)
(82028,132)
(52940,168)
(40220,25)
(69868,98)
(38396,59)
(46348,82)
(56652,189)
(97628,129)
(40556,25)
(134268,122)
(20844,228)
(119340,133)
(60988,191)
(10524,127)
(97580,229)
(44380,224)
(55484,169)
(100220,98)
(117276,168)
(13228,96)
(108300,72)
(99004,32)
(124764,207)
(134060,133)
(126604,82)
(81548,238)
(37564,238)
(53868,203)
(72924,80)
(134732,98)
(136028,129)
(64156,133)
(109340,84)
(124300,228)
(13180,188)
(100252,228)
(122492,235)
(93084,187)
(13148,182)
(47564,223)
(14764,70)
(71660,177)
(4892,231)
(104028,181)
(129228,195)
(114956,238)
(105916,193)
(4268,74)
(43420,191)
(25964,120)
(19516,237)
(67116,51)
(74508,13)
(10204,157)
(49372,94)
(4316,91)
(25068,230)
(91324,21)
(1164,44)
(111900,236)
(135532,93)
(70364,93)
(3868,48)
(49852,214)
(73612,238)
(46220,229)
(90268,229)
(65148,24)
(132828,63)
(9884,230)
(129900,212)
(23740,61)
(85100,105)
(53484,228)
(78876,239)
(138316,155)
(47340,25)
(84652,98)
(95180,116)
(100556,48)
(4076,84)
(85196,229)
(102732,70)
(101724,26)
(118780,146)
(132108,74)
(75180,169)
(75612,216)
(17004,140)
(54156,98)
(69212,104)
(38476,226)
(34204,146)
(41660,235)
(24924,230)
(63020,178)
(104668,165)
(62108,187)
(128572,179)
(124748,38)
(113308,178)
(105148,145)
(77420,49)
(81164,120)
(99196,121)
(2268,84)
(125404,226)
(90956,238)
(81468,228)
(31980,86)
(47116,218)
(117388,49)
(89628,190)
(19964,170)
(112476,62)
(74572,193)
(119484,127)
(103036,117)
(36924,134)
(38540,183)
(7244,80)
(37340,224)
(71740,72)
(51708,170)
(89036,213)
(48444,122)
(41724,49)
(129004,195)
(105340,180)
(103740,134)
(97868,70)
(93580,157)
(102172,237)
(42572,108)
(129644,156)
(22012,120)
(125372,183)
(108476,60)
(2044,107)
(31500,26)
(99932,121)
(69948,181)
(17564,13)
(62188,47)
(123756,99)
(113868,224)
(25228,238)
(7644,180)
(25308,239)
(86828,56)
(133852,98)
(24956,217)
(1628,146)
(135756,171)
(27804,48)
(33004,79)
(81276,26)
(20876,49)
(71644,236)
(3100,182)
(43100,130)
(47228,37)
(115580,238)
(115340,216)
(23004,228)
(106844,95)
(47484,169)
(124940,142)
(116556,43)
(73372,239)
(7212,237)
(11836,178)
(32604,135)
(84316,218)
(11676,231)
(84172,132)
(44300,121)
(7852,120)
(41324,130)
(60860,229)
(137564,180)
(79180,122)
(61164,236)
(10060,104)
(13084,175)
(73340,226)
(59420,176)
(130140,24)
(8316,25)
(47004,237)
(5340,182)
(125708,212)
(6732,229)
(108860,236)
(121804,123)
(87308,231)
(67228,122)
