(119058,110)
(136866,59)
(41234,216)
(84754,156)
(11490,238)
(120018,225)
(13298,98)
(68482,92)
(136578,154)
(14882,169)
(95506,146)
(5618,132)
(100306,177)
(40562,170)
(43842,181)
(17874,228)
(44402,62)
(136850,175)
(129954,228)
(124162,99)
(59362,82)
(43410,84)
(65714,32)
(52482,74)
(30114,230)
(64370,108)
(74674,229)
(107922,85)
(100978,229)
(57042,238)
(109074,238)
(97618,127)
(98754,12)
(126802,228)
(95362,195)
(45810,179)
(33490,84)
(44994,37)
(29890,60)
(96642,157)
(28338,108)
(13234,177)
(58050,177)
(48850,69)
(120178,238)
(88450,120)
(63202,144)
(43090,182)
(41490,109)
(69058,110)
(9154,228)
(89970,194)
(73170,158)
(72370,188)
(103394,156)
(111570,194)
(104594,191)
(1202,86)
(43634,213)
(40098,144)
(43666,154)
(21730,130)
(70210,122)
(116290,115)
(58642,81)
(81266,120)
(58018,105)
(94322,218)
(118066,46)
(101810,117)
(101058,229)
(38258,229)
(35218,121)
(136818,158)
(18690,58)
(58354,170)
(85970,181)
(22290,155)
(77378,219)
(125042,45)
(79266,34)
(30370,236)
(33746,106)
(11730,48)
(65746,178)
(33842,146)
(100802,238)
(29842,120)
(15538,169)
(35458,60)
(78674,86)
(43810,129)
(26498,96)
(84146,84)
(42578,115)
(26578,122)
(16866,151)
(40722,73)
(90322,182)
(28994,140)
(128210,229)
(123346,131)
(44770,183)
(20466,37)
(61154,236)
(5522,180)
(34738,182)
(107266,151)
(10498,180)
(12818,239)
(114850,237)
(130530,193)
(72482,158)
(64722,145)
(9618,190)
(99362,133)
(84338,13)
(135298,228)
(15170,167)
(52834,133)
(109250,50)
(130210,224)
(19554,85)
(87314,152)
(126498,129)
(79890,188)
(21922,120)
(106658,168)
(119138,117)
(97874,194)
(32674,230)
(110082,217)
(37474,21)
(19970,179)
(41154,225)
(93634,189)
(49650,13)
(62658,83)
(52978,226)
(45826,237)
(25922,146)
(62834,103)
(66210,85)
(84130,225)
(126402,127)
(126242,62)
(45730,129)
(61266,135)
(131362,132)
(36498,183)
(63906,121)
(109426,57)
(115426,51)
(39010,133)
(3298,182)
(84082,228)
(123698,97)
(53202,236)
(56722,127)
(24418,193)
(35826,239)
(57106,12)
(42450,228)
(127714,111)
(107490,224)
(132994,218)
(71906,72)
(127490,46)
(16242,182)
(5170,146)
(130546,182)
(26450,93)
(9458,106)
(50418,237)
(14242,239)
(58258,61)
(27602,226)
(85442,239)
(89490,230)
(96834,152)
(135570,95)
(33234,85)
(75554,132)
(72226,95)
(105890,194)
(115810,199)
(61522,38)
(126210,183)
(306,141)
(21970,132)
(56130,111)
(101586,26)
(60722,73)
(120946,225)
(3202,239)
(85538,206)
(45122,165)
(75970,141)
(88322,181)
(114002,237)
(41026,182)
(10626,225)
(18194,63)
(92674,48)
(137042,133)
(103298,235)
(102114,190)
(132802,111)
(120322,168)
(37138,195)
(66706,238)
(136322,38)
(80450,166)
(19570,178)
(34290,212)
(6066,169)
(65234,218)
(79042,231)
(14962,61)
(83714,132)
(19858,129)
(138194,86)
(80930,120)
(31698,56)
(20002,120)
(19314,231)
(44930,170)
(94834,120)
(137986,168)
(57682,218)
(40162,188)
(104354,12)
(137458,231)
(8674,86)
(70354,58)
(87010,111)
(55522,108)
(73346,23)
(15506,216)
(32450,134)
(33618,170)
(128690,48)
(9698,157)
(35362,58)
(53138,199)
(48370,127)
(66018,187)
(101186,15)
(131826,139)
(92386,237)
(17298,128)
(52370,62)
(14530,166)
(124738,225)
(15890,12)
(28386,238)
(106082,104)
(131746,56)
(36098,86)
(65490,20)
(110674,169)
(78274,80)
(12946,230)
(28610,215)
(118946,216)
(137874,25)
(102674,120)
(40914,237)
(135250,85)
(38338,51)
(111730,38)
(128162,87)
(85570,217)
(126562,235)
(124610,231)
(63682,133)
(100066,237)
(121954,94)
(43458,193)
(15410,181)
(10418,228)
(47234,236)
(75250,168)
(134674,74)
(3810,131)
(53858,72)
(110994,229)
(5874,36)
(62626,12)
(120098,108)
(65570,224)
(110098,216)
(76802,230)
(41986,25)
(9394,128)
(73474,231)
(20514,119)
(26642,122)
(120994,13)
(79330,92)
(47026,199)
(3186,118)
(120818,238)
(78658,143)
(13650,103)
(21026,182)
(98018,180)
(100322,105)
(12514,163)
(91746,61)
(21954,182)
(30130,120)
(122866,25)
(77762,123)
(127122,93)
(133026,145)
(11138,60)
(32658,224)
(18754,74)
(87682,20)
(27106,20)
(6770,195)
(738,84)
(33538,178)
(61890,235)
(41538,14)
(6002,50)
(34514,235)
(90098,223)
(52626,175)
(2818,134)
(3090,236)
(18562,237)
(16114,50)
(107842,111)
(129618,120)
(123090,182)
(93746,238)
(50162,157)
(81794,24)
(44706,103)
(72114,105)
(44162,122)
(52258,85)
(57522,182)
(20418,230)
(83154,228)
(37410,235)
(90002,146)
(122306,85)
(26530,230)
(95794,108)
(35746,87)
(52914,231)
(81682,139)
(90898,151)
(110498,94)
(100786,237)
(99074,47)
(114626,231)
(17186,238)
(17970,229)
(36082,79)
(42130,224)
(73906,239)
(41874,190)
(274,236)
(22306,23)
(51698,187)
(59586,238)
(57490,99)
(35682,142)
(135682,44)
(63666,144)
(127954,91)
(17746,120)
(103474,25)
(128274,171)
(81474,133)
(30978,74)
(13554,230)
(47250,121)
(47746,15)
(24290,163)
(19938,217)
(59986,32)
(102866,207)
(114466,194)
(115346,239)
(9282,177)
(80706,85)
(5106,193)
(38866,108)
(3474,60)
(84578,177)
(18610,216)
(5698,165)
(28578,188)
(23202,239)
(31026,228)
(53634,86)
(70274,43)
(52690,84)
(58866,236)
(67954,144)
(48450,15)
(73458,218)
(46418,120)
(86178,239)
(98706,175)
(92258,27)
(101986,24)
(97218,122)
(68322,230)
(3010,73)
(138322,228)
(74402,44)
(60018,132)
(44850,168)
(78706,179)
(58706,14)
(10642,157)
(110274,120)
(34386,134)
(82978,121)
(9650,169)
(36434,230)
(99762,188)
(129890,225)
(13218,158)
(56802,34)
(24194,226)
(29938,56)
(30258,56)
(18,60)
(31186,237)
(118226,134)
(97586,146)
(21154,178)
(77330,228)
(23474,187)
(61586,110)
(91954,168)
(90578,236)
(70002,224)
(51682,230)
(49122,132)
(133490,217)
(25682,193)
(114162,56)
(110802,121)
(50546,128)
(77954,170)
(72642,238)
(129586,190)
(40514,60)
(56786,60)
(105602,229)
(109714,238)
(122098,21)
(111714,75)
(81890,61)
(21218,217)
(89730,230)
(23090,49)
(21602,68)
(37890,32)
(52754,145)
(126610,236)
(70034,99)
(79874,239)
(52002,48)
(35954,217)
(47042,98)
(129490,62)
(132738,73)
(34274,224)
(71186,121)
(40402,183)
(42626,31)
(48242,154)
(7618,183)
(80002,21)
(105938,70)
(67698,195)
(125330,39)
(100498,19)
(50146,19)
(49266,44)
(51922,177)
(63106,158)
(6098,195)
(7938,85)
(106258,129)
(8002,140)
(61074,85)
(116050,111)
(71970,22)
(108162,169)
(2290,224)
(17026,128)
(41074,228)
(978,183)
(131714,48)
(19282,123)
(31170,169)
(80722,47)
(34018,14)
(36546,182)
(7170,49)
(94242,142)
(62610,238)
(112546,225)
(111810,115)
(79490,237)
(36274,230)
(18306,25)
(45506,122)
(95410,142)
(13074,239)
(136306,62)
(96290,182)
(80018,181)
(27762,105)
(31490,117)
(20306,24)
(31154,132)
(63538,183)
(125906,166)
(131762,104)
(21442,58)
(17458,182)
(29602,91)
(66626,140)
(130034,158)
(210,204)
(110866,107)
(2722,238)
(56658,177)
(32402,170)
(642,231)
(70866,99)
(45314,13)
(130322,97)
(119810,217)
(118978,238)
(106578,230)
(68754,228)
(6242,110)
(12674,224)
(102834,228)
(8130,226)
(12098,237)
(13762,193)
(62370,44)
(92226,104)
(95634,97)
(137122,109)
(72306,120)
(75954,193)
(92034,45)
(93426,180)
(63330,182)
(52306,182)
(11314,109)
(37058,58)
(15250,156)
(60802,224)
(86514,133)
(120610,169)
(80802,13)
(109730,131)
(45474,85)
(136530,204)
(46770,225)
(131026,97)
(16434,238)
(129506,238)
(127458,238)
(136194,169)
(45842,176)
(22114,237)
(128530,235)
(128370,226)
(71698,127)
(121138,225)
(131074,189)
(62690,215)
(113330,141)
(26258,236)
(15346,217)
(90994,84)
(31250,70)
(56674,223)
(25618,144)
(26626,106)
(80834,144)
(11298,132)
(39842,56)
(24402,120)
(64322,230)
(34706,182)
(53890,226)
(28050,51)
(1058,230)
(104386,226)
(133042,190)
(134418,43)
(99842,229)
(118530,49)
(6706,48)
(110242,129)
(112610,111)
(126834,229)
(30290,218)
(93106,223)
(39762,237)
(51282,226)
(134258,212)
(106370,191)
(123202,50)
(37666,239)
(80274,204)
(50242,44)
(37362,13)
(86722,49)
(63970,231)
(93410,23)
(49682,151)
(61010,178)
(11954,239)
(109106,81)
(48866,14)
(121938,169)
(69138,193)
(11650,166)
(118050,47)
(89234,84)
(72066,231)
(6866,50)
(71314,229)
(90786,226)
(76498,229)
(40210,238)
(70370,81)
(71938,239)
(32194,238)
(132018,236)
(57362,163)
(36354,195)
(51666,128)
(120450,75)
(87042,95)
(84514,231)
(106482,236)
(92498,182)
(62962,128)
(46610,37)
(74818,145)
(78722,192)
(14402,15)
(66258,81)
(76994,238)
(98930,188)
(106914,120)
(59842,238)
(132194,60)
(115202,31)
(130882,236)
(58098,239)
(92898,108)
(100850,212)
(26290,116)
(33330,195)
(15714,228)
(109682,86)
(20242,127)
(134850,74)
(77186,178)
(80546,165)
(64498,38)
(128114,188)
(36178,13)
(65042,193)
(74690,238)
(21698,146)
(50802,191)
(52722,230)
(115442,12)
(131298,74)
(10162,178)
(69074,13)
(71762,39)
(119490,153)
(89906,33)
(116738,84)
(114146,105)
(83490,96)
(77362,190)
(17250,127)
(120242,127)
(29330,127)
(4130,59)
(81714,85)
(91170,182)
(1266,145)
(101074,195)
(116354,218)
(119314,120)
(6530,46)
(76450,237)
(71794,158)
(32498,217)
(39730,214)
(1346,239)
(113362,97)
(28162,217)
(5330,121)
(31874,181)
(74722,118)
(17010,194)
(20754,236)
(89618,20)
(45586,12)
(55890,237)
(132354,23)
(95138,134)
(23858,238)
(104626,115)
(75922,146)
(3458,182)
(33218,223)
(114834,238)
(79650,49)
(49170,171)
(21298,36)
(69666,118)
(110530,218)
(73490,95)
(120786,33)
(11858,225)
(104946,129)
(112994,223)
(6418,109)
(66770,223)
(52194,158)
(86738,216)
(9666,46)
(39538,215)
(35506,193)
(2146,239)
(48338,55)
(129282,109)
(90226,170)
(30818,133)
(36450,12)
(29170,182)
(40738,175)
(16610,231)
(61170,44)
(127442,48)
(48434,237)
(71154,235)
(124306,128)
(16338,151)
(70546,74)
(117826,181)
(101090,19)
(88610,187)
(112674,47)
(55650,239)
(131234,35)
(21634,204)
(79698,224)
(125490,109)
(14642,195)
(48882,230)
(6610,46)
(84946,230)
(18402,230)
(23394,62)
(116386,134)
(138434,121)
(52386,237)
(90178,85)
(96018,212)
(87474,85)
(97922,36)
(134626,237)
(68626,216)
(97746,193)
(4546,73)
(44290,120)
(134770,121)
(38114,127)
(258,72)
(105378,134)
(85474,51)
(37922,239)
(64946,57)
(118802,194)
(69026,44)
(71778,85)
(126066,239)
(61986,61)
(14690,231)
(95058,45)
(73682,133)
(67826,141)
(64386,117)
(47202,157)
(79202,235)
(64898,122)
(84434,60)
(56834,230)
(42690,122)
(103666,236)
(100274,37)
(109394,171)
(14226,45)
(134738,213)
(83970,57)
(129778,190)
(45682,106)
(74338,236)
(69314,83)
(46498,194)
(117474,74)
(92626,191)
(25762,147)
(27906,24)
(123138,238)
(125746,223)
(36658,182)
(72674,224)
(56770,226)
(70322,218)
(44242,153)
(106738,228)
(75090,228)
(89810,120)
(124146,82)
(4706,237)
(7346,94)
(65138,175)
(130370,134)
(30546,236)
(4354,132)
(81170,146)
(115378,24)
(117282,143)
(91282,182)
(120514,122)
(49746,195)
(3122,58)
(103554,231)
(127074,183)
(11266,182)
(19922,57)
(48898,194)
(65618,231)
(3698,191)
(79602,118)
(16754,151)
(83026,237)
(110514,177)
(103250,237)
(106818,164)
(120834,217)
(72866,120)
(65362,226)
(116882,183)
(82450,230)
(93810,139)
(3442,235)
(64178,195)
(117762,224)
(92370,182)
(24178,218)
(99602,238)
(116514,228)
(22258,74)
(25090,183)
(124722,147)
(83554,22)
(23522,195)
(67874,116)
(67426,213)
(137362,25)
(19426,13)
(24466,157)
(115506,109)
(54930,236)
(52642,159)
(124866,86)
(26418,158)
(133554,130)
(106050,226)
(109858,223)
(26402,237)
(29122,22)
(102738,106)
(112866,194)
(79282,218)
(86018,230)
(77746,132)
(46050,105)
(55282,59)
(13170,213)
(53282,193)
(132914,48)
(82530,120)
(133794,153)
(1090,129)
(23042,228)
(26850,182)
(42050,230)
(48738,236)
(30834,170)
(29234,215)
(4322,231)
(104082,120)
(31778,239)
(90498,238)
(59298,181)
(81282,144)
(115410,168)
(33586,226)
(108466,36)
(75794,158)
(4578,85)
(109378,239)
(18546,229)
(68434,224)
(109058,108)
(30066,27)
(87186,230)
(89650,33)
(91314,229)
(15362,231)
(34098,238)
(137810,134)
(88578,177)
(138066,224)
(36626,62)
(54610,238)
(55746,217)
(8306,195)
(100034,170)
(60098,237)
(102562,226)
(66674,60)
(99586,237)
(118370,83)
(39618,14)
(58690,239)
(32034,108)
(58546,128)
(84498,50)
(112514,237)
(71986,56)
(67042,169)
(79682,143)
(131666,168)
(19138,50)
(109698,181)
(16162,23)
(25346,94)
(107138,163)
(118402,141)
(37330,215)
(74450,144)
(88786,194)
(111554,108)
(60226,108)
(33506,228)
(6146,155)
(24018,60)
(29154,180)
(58674,133)
(68722,168)
(89298,163)
(115634,168)
(82194,195)
(44386,98)
(119762,235)
(20722,73)
(21746,48)
(63602,218)
(123234,147)
(75234,108)
(98258,111)
(10018,25)
(68530,238)
(20850,132)
(54082,194)
(93842,177)
(133298,237)
(70562,84)
(119586,168)
(54066,231)
(45058,238)
(23282,226)
(73810,59)
(32306,105)
(93650,121)
(105298,156)
(125730,191)
(45650,195)
(53474,239)
(40978,99)
(114706,237)
(37730,216)
(76594,121)
(35986,86)
(77074,177)
(105170,73)
(86562,182)
(89954,72)
(132258,193)
(78786,82)
(89026,109)
(129826,181)
(22322,48)
(3426,103)
(102082,191)
(24386,107)
(102946,200)
(42306,239)
(12322,45)
(50066,73)
(9906,239)
(47330,49)
(117266,63)
(86786,182)
(12930,74)
(136770,23)
(84226,60)
(21474,237)
(39650,225)
(65682,179)
(125890,193)
(77442,146)
(132978,84)
(38370,14)
(39986,191)
(79954,223)
(104210,183)
(10226,158)
(43378,223)
(107474,73)
(91554,181)
(7266,26)
(93442,230)
(59090,47)
(98946,14)
(21810,238)
(110338,230)
(62498,182)
(32898,116)
(111954,180)
(68082,144)
(128226,34)
(110754,49)
(4370,229)
(36002,131)
(2530,73)
(30354,141)
(25858,187)
(8754,105)
(64690,85)
(73922,169)
(104818,229)
(8898,170)
(36242,206)
(69874,120)
(136546,226)
(86066,14)
(130274,49)
(54994,182)
(108642,217)
(17090,85)
(49330,229)
(2002,183)
(15650,117)
(116802,129)
(2354,231)
(46082,144)
(81970,25)
(86338,48)
(20834,84)
(107170,195)
(24146,34)
(45538,195)
(77346,195)
(127250,215)
(26706,61)
(63154,59)
(80610,73)
(89714,120)
(19154,86)
(115090,236)
(90082,167)
(4402,81)
(83170,203)
(14306,170)
(108818,204)
(119922,239)
(9682,122)
(120162,120)
(95842,84)
(80690,128)
(58770,195)
(108482,183)
(35890,193)
(40962,195)
(84594,212)
(44722,223)
(67410,183)
(70530,237)
(97538,55)
(112082,164)
(39154,60)
(48946,73)
(36386,226)
(66178,189)
(90738,103)
(78738,169)
(11634,226)
(49346,121)
(61970,117)
(23906,237)
(99922,228)
(32370,195)
(13618,217)
(54834,230)
(18018,237)
(114498,67)
(129266,183)
(95202,98)
(1970,191)
(48402,60)
(40322,191)
(40658,182)
(60338,60)
(7554,32)
(45906,105)
(754,237)
(23458,69)
(19714,120)
(32978,216)
(93186,121)
(79666,12)
(53618,24)
(85810,170)
(19394,127)
(109842,24)
(47170,225)
(34834,230)
(37970,158)
(119090,156)
(13922,129)
(137186,71)
(63730,168)
(8226,180)
(46370,13)
(110290,231)
(7986,229)
(136354,237)
(60530,115)
(71634,226)
(44754,229)
(98386,36)
(37586,39)
(135618,141)
(110786,237)
(50690,218)
(81218,237)
(92002,195)
(16658,218)
(20578,81)
(116402,239)
(121458,216)
(133986,163)
(14290,72)
(18098,36)
(25042,236)
(4770,26)
(15970,129)
(17698,228)
(21170,38)
(46946,68)
(71090,235)
(46178,32)
(59186,193)
(50482,238)
(92114,195)
(96450,63)
(120546,72)
(58386,231)
(106194,146)
(90674,62)
(93218,170)
(133378,168)
(83618,194)
(46898,45)
(65506,237)
(3986,67)
(104290,75)
(120130,110)
(89154,139)
(42242,238)
(112274,74)
(128066,51)
(19074,178)
(125650,128)
(99122,38)
(48082,85)
(124658,229)
(1826,110)
(83522,120)
(4338,218)
(79410,175)
(1682,157)
(32482,226)
(63186,34)
(105330,116)
(74882,109)
(22226,231)
(119954,69)
(91042,216)
(69186,70)
(1602,21)
(55682,127)
(89554,190)
(127794,226)
(121586,236)
(14562,237)
(43730,168)
(104002,237)
(2770,151)
(43330,239)
(98146,120)
(68946,130)
(84786,170)
(91570,225)
(12690,129)
(115074,132)
(26194,39)
(23970,141)
(98562,47)
(11330,129)
(130354,236)
(51362,32)
(4834,48)
(78802,134)
(8818,73)
(27138,27)
(51234,144)
(41042,239)
(74578,108)
(111106,205)
(115858,228)
(28450,187)
(123506,103)
(79170,182)
(3266,44)
(72434,225)
(80178,229)
(98882,106)
(133346,223)
(68290,105)
(86610,19)
(105970,87)
(118450,237)
(136914,236)
(15138,67)
(39170,237)
(55506,214)
(100418,25)
(92994,218)
(77026,68)
(54466,69)
(70450,128)
(71714,182)
(82370,34)
(15490,238)
(123538,131)
(6802,225)
(115250,71)
(116018,191)
(40082,26)
(118610,85)
(35730,228)
(24274,180)
(117394,107)
(133778,87)
(46018,144)
(42674,237)
(132690,96)
(62594,127)
(125314,239)
(59826,236)
(103122,170)
(70850,51)
(38994,121)
(106530,107)
(6738,24)
(29746,48)
(56562,182)
(28498,238)
(111602,238)
(24546,194)
(104674,79)
(6626,145)
(49394,215)
(66002,129)
(8914,159)
(28066,156)
(72850,146)
(28690,25)
(48530,167)
(104306,120)
(7970,86)
(104850,130)
(10930,133)
(27490,231)
(56738,95)
(1938,216)
(131634,195)
(84402,59)
(81314,58)
(80914,134)
(122770,97)
(98418,171)
(122978,170)
(138354,238)
(16674,194)
(16914,239)
(59954,191)
(19762,193)
(28434,131)
(47698,99)
(11522,128)
(69154,236)
(9602,55)
(59122,55)
(28306,238)
(106706,238)
(5346,59)
(26098,218)
(117922,225)
(24690,13)
(41714,151)
(103218,238)
(137938,203)
(46162,238)
(38130,181)
(11458,224)
(9122,230)
(12242,14)
(41474,82)
(55122,37)
(82098,33)
(45362,239)
(3842,168)
(34066,226)
(31474,97)
(39970,168)
(70594,23)
(14770,75)
(21570,103)
(80322,238)
(25490,237)
(45746,236)
(104338,213)
(127426,182)
(97938,226)
(114402,36)
(21330,49)
(125762,96)
(64098,120)
(119778,86)
(129730,75)
(37570,225)
(64002,67)
(90690,236)
(60546,230)
(59570,237)
(114130,229)
(17474,237)
(55554,195)
(121394,239)
(92050,224)
(18482,135)
(114866,181)
(121778,145)
(97442,158)
(89282,97)
(5730,154)
(8866,142)
(84482,204)
(42498,132)
(34466,237)
(16066,229)
(52114,187)
(35538,59)
(8242,236)
(62226,239)
(108242,231)
(69650,190)
(100434,152)
(46882,96)
(13538,168)
(137762,49)
(38322,231)
(115026,110)
(54338,109)
(23682,120)
(15762,194)
(104578,109)
(22738,110)
(47074,135)
(39890,115)
(13266,194)
(76226,31)
(43122,120)
(322,187)
(18066,93)
(86642,236)
(119570,191)
(132578,49)
(132770,92)
(64994,170)
(33042,111)
(36226,236)
(91762,182)
(93170,238)
(135458,236)
(42914,191)
(123154,187)
(122754,229)
(66370,228)
(93314,230)
(93042,228)
(64578,178)
(93234,13)
(86626,239)
(77858,236)
(121490,218)
(102002,229)
(2546,127)
(103490,237)
(4626,49)
(55762,55)
(43186,60)
(45010,237)
(72834,13)
(85730,152)
(39442,58)
(36146,180)
(78002,122)
(116066,231)
(129250,236)
(55074,238)
(65858,195)
(123106,74)
(129074,237)
(3618,12)
(42258,230)
(36050,133)
(136402,183)
(38402,218)
(64866,15)
(115826,94)
(67218,43)
(64066,110)
(131122,140)
(16498,45)
(37394,122)
(17554,189)
(15282,31)
(76642,178)
(50946,231)
(33314,48)
(20434,118)
(134322,22)
(16706,110)
(55026,144)
(10898,164)
(2962,72)
(69442,128)
(40258,207)
(59730,131)
(85714,216)
(30146,239)
(72914,109)
(75218,207)
(112626,191)
(61938,14)
(41090,133)
(23874,120)
(61842,111)
(120722,238)
(33378,14)
(32722,238)
(4194,180)
(72162,32)
(91506,106)
(53266,236)
(99298,228)
(93714,67)
(65026,159)
(109762,191)
(129810,212)
(124498,49)
(88722,192)
(90722,188)
(84242,223)
(106898,223)
(131954,235)
(52146,180)
(14386,97)
(66802,86)
(14834,236)
(71410,218)
(68066,235)
(63410,122)
(51602,177)
(113458,151)
(112754,133)
(67522,75)
(88770,218)
(137570,72)
(1138,230)
(110690,81)
(73010,218)
(28642,68)
(17362,26)
(56418,181)
(78834,99)
(17666,216)
(48514,134)
(110466,195)
(51954,191)
(95266,182)
(40994,38)
(60578,24)
(89538,63)
(52050,218)
(23586,85)
(127474,144)
(116594,14)
(47842,168)
(136418,217)
(116754,48)
(71490,170)
(123010,230)
(68546,214)
(101298,205)
(13682,236)
(117810,134)
(26802,128)
(28514,80)
(37650,24)
(7602,194)
(94514,91)
(27362,49)
(136754,56)
(96082,97)
(43602,115)
(32002,96)
(28706,84)
(60450,85)
(113010,158)
(10610,213)
(110978,97)
(135346,237)
(59938,133)
(87410,147)
(103714,56)
(6594,85)
(84722,109)
(129170,14)
(110194,195)
(8466,216)
(66034,231)
(70066,239)
(21122,236)
(88946,228)
(49410,105)
(87906,159)
(126178,224)
(138482,183)
(19666,230)
(386,145)
(49314,122)
(123922,49)
(24706,178)
(70482,106)
(94818,95)
(63026,133)
(93010,35)
(53810,231)
(137506,157)
(50354,144)
(108738,27)
(17282,108)
(15666,80)
(117570,98)
(29570,229)
(112002,182)
(117138,73)
(5298,13)
(89250,120)
(68850,111)
(100882,193)
(74546,55)
(12834,127)
(50402,73)
(75474,187)
(66754,205)
(7362,236)
(75746,194)
(101890,139)
(106018,171)
(33074,80)
(113394,182)
(72258,48)
(56450,69)
(70162,86)
(94562,158)
(91842,24)
(23298,84)
(10002,237)
(91202,43)
(94194,237)
(33810,50)
(37986,156)
(54402,230)
(86754,72)
(10354,191)
(61426,218)
(134834,229)
(102450,145)
(33154,63)
(74482,133)
(30722,140)
(31682,194)
(115170,188)
(81762,143)
(103842,13)
(121442,228)
(130466,216)
(31762,237)
(136050,80)
(27890,169)
(51778,238)
(89458,27)
(34162,182)
(35394,51)
(45106,97)
(91474,228)
(92466,169)
(64850,228)
(962,123)
(1010,158)
(43266,178)
(78898,238)
(44498,193)
(94098,14)
(88866,238)
(4098,180)
(53410,49)
(129874,21)
(94370,200)
(108386,133)
(90402,214)
(18978,25)
(44226,128)
(21378,59)
(20210,58)
(5634,231)
(102018,34)
(35026,115)
(106034,230)
(136130,216)
(111634,239)
(38722,195)
(74866,182)
(100706,223)
(83538,228)
(105490,228)
(26370,132)
(101026,44)
(89266,236)
(83778,159)
(93330,141)
(119938,134)
(20258,144)
(60594,229)
(10578,132)
(45426,238)
(47858,190)
(83298,176)
(33650,61)
(74306,44)
(50370,224)
(83378,23)
(121538,239)
(104546,189)
(79554,229)
(76274,225)
(133138,96)
(98898,99)
(125970,182)
(53778,224)
(133250,176)
(40370,226)
(36722,132)
(38242,122)
(45986,135)
(51218,183)
(65266,159)
(125266,121)
(99010,224)
(30530,83)
(84274,44)
(125586,167)
(17138,103)
(6082,190)
(114642,104)
(110450,226)
(100818,191)
(14418,117)
(127698,193)
(13778,79)
(90882,13)
(28882,182)
(95250,229)
(71218,217)
(114354,132)
(74130,37)
(104962,177)
(19026,56)
(24770,55)
(91266,92)
(402,193)
(134450,146)
(56882,67)
(50786,120)
(75010,180)
(89858,236)
(59106,180)
(135666,216)
(33250,193)
(40034,218)
(58210,72)
(67314,239)
(127650,229)
(57010,96)
(87106,119)
(12562,229)
(25362,49)
(11874,226)
(23106,74)
(79218,98)
(25458,195)
(13282,43)
(69682,36)
(39426,226)
(2098,230)
(52706,120)
(14706,43)
(81490,229)
(127410,170)
(35906,72)
(14898,134)
(54418,237)
(53874,194)
(35858,31)
(96434,68)
(51250,212)
(10674,239)
(58834,237)
(71842,24)
(10978,231)
(111330,226)
(6930,238)
(131538,224)
(126786,182)
(113682,235)
(83426,48)
(73074,179)
(21826,195)
(45602,111)
(113058,117)
(127938,109)
(52786,38)
(12530,26)
(65106,177)
(36018,45)
(74210,204)
(52594,15)
(9778,194)
(132002,70)
(30498,229)
(130610,179)
(22850,152)
(114898,72)
(93986,157)
(123970,175)
(23010,121)
(5650,215)
(69522,226)
(53106,46)
(113826,237)
(99666,229)
(77202,203)
(15026,230)
(43234,87)
(49090,55)
(29538,195)
(27506,193)
(128898,239)
(38802,62)
(12850,183)
(118898,96)
(81138,87)
(136978,95)
(82610,226)
(49794,44)
(111074,218)
(44098,191)
(116322,156)
(46114,193)
(110962,23)
(40930,191)
(120754,179)
(127090,68)
(137250,109)
(89890,231)
(89522,236)
(131650,120)
(127218,26)
(20562,231)
(38002,229)
(10770,110)
(33602,191)
(50210,74)
(62994,228)
(91938,170)
(96898,226)
(89058,238)
(11602,235)
(20098,226)
(104882,192)
(82050,103)
(2258,218)
(38610,212)
(58130,183)
(22882,37)
(40354,131)
(3874,194)
(73842,140)
(54962,99)
(79522,216)
(55042,72)
(26946,82)
(127986,228)
(43538,37)
(104482,128)
(87026,177)
(130562,120)
(131378,122)
(14322,98)
(110898,140)
(71618,106)
(28194,193)
(89346,80)
(109906,226)
(74562,24)
(48386,144)
(119682,72)
(109986,181)
(78754,231)
(91186,144)
(126674,47)
(79314,236)
(25330,98)
(116866,23)
(79442,238)
(103826,204)
(118258,217)
(39698,224)
(22130,74)
(66834,43)
(129314,61)
(42194,96)
(13314,129)
(15010,187)
(25186,230)
(40002,26)
(103682,109)
(90834,155)
(21186,38)
(45282,72)
(89442,14)
(86210,157)
(111042,57)
(114690,239)
(99570,132)
(19106,182)
(114978,236)
(49922,39)
(1442,218)
(55250,140)
(81074,180)
(9138,228)
(70642,239)
(109154,228)
(87602,48)
(48226,127)
(88402,128)
(28530,237)
(113746,230)
(119506,81)
(117874,130)
(114594,93)
(32322,120)
(120738,225)
(130162,144)
(137346,132)
(68130,228)
(78850,15)
(1954,120)
(49826,72)
(53378,238)
(133826,226)
(136082,111)
(58402,49)
(10706,74)
(43426,26)
(112530,131)
(107938,228)
(105442,217)
(43714,13)
(85154,225)
(86770,98)
(87746,12)
(99938,236)
(31746,158)
(46482,72)
(130690,182)
(67730,237)
(64514,61)
(56322,239)
(41250,212)
(91010,191)
(5890,180)
(62514,177)
(84610,105)
(106306,193)
(131090,44)
(97682,140)
(123330,67)
(84994,182)
(53570,153)
(1746,79)
(119746,38)
(1634,191)
(3026,37)
(128786,146)
(51442,74)
(1986,164)
(1522,170)
(130930,55)
(73138,61)
(36578,99)
(106002,20)
(126418,182)
(104610,163)
(34674,142)
(52546,27)
(51570,80)
(28482,230)
(63858,61)
(59794,62)
(78562,43)
(51810,20)
(44002,111)
(86978,48)
(87970,134)
(76418,212)
(96178,170)
(14930,194)
(129858,157)
(114578,152)
(45570,229)
(103330,237)
(124802,147)
(6130,14)
(119794,135)
(41506,38)
(47762,87)
(7058,36)
(78482,84)
(11378,230)
(84418,119)
(90386,216)
(112130,44)
(36882,146)
(26610,231)
(136338,204)
(30466,239)
(59394,155)
(122466,25)
(48162,133)
(75106,74)
(81330,116)
(49442,176)
(116242,45)
(6194,121)
(57842,67)
(105394,218)
(56962,142)
(22210,238)
(27650,217)
(86242,194)
(120290,25)
(56434,141)
(52674,187)
(90530,133)
(12610,72)
(108354,71)
(91250,19)
(37522,231)
(101858,239)
(113346,71)
(60370,230)
(90626,82)
(7842,24)
(56514,237)
(106322,224)
(17714,50)
(135362,103)
(96786,168)
(30338,179)
(30786,24)
(34530,228)
(101954,195)
(17442,119)
(594,167)
(4082,176)
(39362,236)
(95746,239)
(28466,134)
(108978,147)
(71506,158)
(19954,212)
(108850,103)
(21714,13)
(34546,145)
(58946,238)
(20370,96)
(3522,195)
(22050,229)
(36258,152)
(91890,98)
(33090,180)
(138290,239)
(74978,109)
(73570,176)
(64834,230)
(98994,38)
(49938,72)
(129762,74)
(55858,25)
(29458,87)
(84450,72)
(120338,238)
(127522,50)
(96658,167)
(117954,179)
(39458,12)
(46194,217)
(101266,110)
(62178,236)
(118178,195)
(30674,181)
(58994,229)
(107330,229)
(8146,229)
(64610,195)
(63266,73)
(76130,163)
(58530,237)
(72882,228)
(40946,193)
(88050,236)
(9954,37)
(124914,195)
(118722,231)
(41730,120)
(69554,37)
(112050,155)
(47890,73)
(107682,91)
(114882,169)
(120386,25)
(106114,132)
(103538,47)
(118786,218)
(114450,12)
(131138,60)
(67330,226)
(3634,14)
(121730,230)
(83954,130)
(79106,216)
(22578,193)
(85698,193)
(18722,145)
(137010,72)
(114290,229)
(80866,216)
(135266,69)
(33826,50)
(106642,239)
(48050,239)
(114994,228)
(125842,171)
(10050,218)
(34594,32)
(96610,14)
(123810,38)
(56866,15)
(101410,134)
(1410,24)
(81362,35)
(123826,122)
(34578,225)
(83874,45)
(20914,237)
(62034,120)
(105522,230)
(30594,228)
(8786,231)
(119154,168)
(88370,153)
(14002,95)
(116002,15)
(65218,179)
(66914,182)
(62322,106)
(82482,26)
(68210,147)
(101650,195)
(23666,48)
(80434,191)
(110578,49)
(89090,46)
(133202,158)
(18338,122)
(59922,61)
(60482,48)
(117538,170)
(87874,229)
(34082,169)
(41314,223)
(20162,84)
(60386,96)
(110434,98)
(103938,224)
(65186,182)
(133666,238)
(132178,120)
(75378,120)
(2594,239)
(131506,99)
(116898,238)
(123474,195)
(135058,236)
(111586,94)
(35490,236)
(3650,25)
(108338,109)
(121890,85)
(37074,97)
(56482,133)
(97138,120)
(75874,193)
(54978,147)
(51586,236)
(74994,187)
(95970,133)
(22386,120)
(108018,26)
(134002,147)
(124978,23)
(47378,83)
(6642,164)
(134754,223)
(81778,141)
(75602,87)
(7394,43)
(67250,236)
(101906,120)
(129938,239)
(92418,154)
(74274,15)
(128882,110)
(133122,142)
(31442,67)
(56066,190)
(17682,238)
(90418,85)
(85778,108)
(26210,146)
(6818,120)
(98338,144)
(79506,24)
(40482,224)
(32962,67)
(4226,229)
(21090,63)
(25394,230)
(57906,94)
(42978,223)
(73858,120)
(29826,166)
(110066,15)
(87922,189)
(78770,141)
(112978,231)
(96626,229)
(102978,177)
(11698,63)
(38946,230)
(111922,239)
(41778,231)
(135234,130)
(44450,229)
(97474,99)
(57762,32)
(136994,49)
(85938,237)
(131554,236)
(17266,93)
(91986,36)
(133714,14)
(128002,165)
(129538,228)
(86322,231)
(101634,120)
(107394,228)
(25714,63)
(2034,71)
(78642,49)
(6498,178)
(16786,237)
(29778,80)
(74514,218)
(46690,147)
(4306,217)
(12866,170)
(109330,235)
(46402,38)
(81010,67)
(111314,218)
(88178,134)
(124242,108)
(12482,37)
(21650,36)
(61394,24)
(35586,118)
(31858,96)
(58962,190)
(28978,109)
(51714,83)
(33426,231)
(123778,69)
(117586,167)
(127266,44)
(7666,225)
(115602,195)
(118962,121)
(73442,122)
(15842,237)
(15074,93)
(44482,170)
(10242,85)
(12962,96)
(23218,182)
(76162,127)
(78994,61)
(89586,218)
(136178,194)
(60818,26)
(131906,35)
(60642,122)
(57602,237)
(65890,49)
(110834,169)
(44034,194)
(102754,157)
(105538,230)
(87218,224)
(89938,158)
(36338,85)
(67266,195)
(23938,13)
(15090,237)
(38834,79)
(84018,94)
(60466,110)
(7138,225)
(37346,111)
(94946,230)
(24370,180)
(27858,45)
(81554,68)
(41266,24)
(81730,238)
(1218,182)
(22434,236)
(20802,230)
(126386,146)
(41362,183)
(7890,25)
(7218,19)
(994,14)
(123042,191)
(1922,70)
(63170,33)
(89042,237)
(109570,74)
(117090,48)
(77298,131)
(96338,120)
(137378,223)
(88978,228)
(110818,170)
(116626,189)
(13058,182)
(2178,152)
(65394,122)
(498,73)
(122674,57)
(18082,237)
(22530,218)
(70658,228)
(126578,191)
(58082,169)
(58274,121)
(33666,85)
(98610,67)
(73378,217)
(126930,132)
(21618,169)
(46754,12)
(9634,47)
(61042,235)
(82786,214)
(26786,237)
(52818,119)
(44434,239)
(50770,223)
(66546,119)
(84690,134)
(97730,237)
(95778,106)
(10322,120)
(105058,93)
(86946,119)
(77666,86)
(24450,179)
(38658,237)
(108082,84)
(32050,158)
(106498,230)
(124882,178)
(103858,130)
(93026,169)
(43058,223)
(10738,127)
(49282,109)
(50850,239)
(58162,237)
(69218,49)
(37282,129)
(47298,238)
(13570,24)
(24226,133)
(65762,230)
(79090,236)
(97330,86)
(92914,177)
(65794,123)
(117234,133)
(117650,121)
(122002,182)
(71554,146)
(135106,122)
(21906,230)
(3554,190)
(76386,36)
(83234,49)
(92546,46)
(46546,130)
(61458,104)
(126514,218)
(26866,31)
(90354,59)
(73282,191)
(37186,141)
(43298,48)
(96482,24)
(114226,235)
(95682,195)
(99538,204)
(116098,231)
(107794,231)
(131490,158)
(24754,71)
(52610,182)
(21842,163)
(2322,132)
(104562,157)
(29106,216)
(61330,98)
(8770,177)
(64162,180)
(94274,182)
(25122,48)
(44322,128)
(127106,155)
(123298,97)
(115714,111)
(51186,123)
(67458,195)
(59250,158)
(116194,224)
(47138,56)
(69538,175)
(9330,194)
(26674,111)
(33410,144)
(42466,130)
(67746,84)
(138226,229)
(30434,97)
(1858,177)
(85042,25)
(125122,238)
(43506,187)
(101330,152)
(113298,195)
(23986,49)
(5570,141)
(31202,158)
(482,35)
(78930,63)
(95154,73)
(107090,223)
(57746,107)
(23138,238)
(97314,62)
(32226,159)
(3330,118)
(80786,62)
(132322,43)
(31378,237)
(83442,108)
(81746,81)
(96866,164)
(74738,237)
(96738,63)
(92578,120)
(126818,195)
(5074,182)
(19698,155)
(115938,216)
(63282,47)
(137586,195)
(14914,195)
(131618,38)
(61234,144)
(63298,187)
(68898,229)
(658,218)
(81954,38)
(37858,51)
(98066,179)
(110882,144)
(28898,229)
(36802,61)
(124370,195)
(99650,228)
(1842,195)
(14610,224)
(41890,61)
(74418,44)
(65586,79)
(87954,81)
(129666,238)
(120658,237)
(57058,47)
(118274,97)
(114242,56)
(354,226)
(96706,229)
(113250,238)
(29682,106)
(92434,236)
(85666,128)
(25202,86)
(98162,191)
(22962,180)
(122930,13)
(74946,86)
(49586,46)
(2802,170)
(25554,146)
(65554,231)
(16770,144)
(46322,230)
(128514,116)
(36754,182)
(87362,140)
(104098,225)
(30866,216)
(37954,231)
(71442,36)
(63714,120)
(60418,105)
(69458,223)
(83602,195)
(78690,224)
(70946,181)
(83282,130)
(14338,109)
(40114,237)
(17234,229)
(62738,187)
(91618,193)
(134466,120)
(114482,24)
(40674,239)
(67586,170)
(98226,239)
(134722,145)
(58370,60)
(25794,229)
(28402,83)
(32098,22)
(68994,139)
(93458,228)
(29138,212)
(86082,236)
(96546,237)
(135746,181)
(135410,218)
(101490,37)
(58914,50)
(55154,237)
(98450,193)
(130994,193)
(63362,155)
(103282,237)
(30274,146)
(120962,157)
(33874,195)
(44866,58)
(13378,59)
(68578,97)
(49714,39)
(127842,36)
(115970,236)
(134882,164)
(132450,180)
(91426,212)
(51346,23)
(130802,230)
(47474,130)
(3218,96)
(84034,218)
(22514,104)
(102594,25)
(57314,60)
(16386,121)
(107186,237)
(129426,132)
(84866,238)
(101826,84)
(100578,84)
(26546,237)
(74770,180)
(42546,224)
(14130,50)
(93602,183)
(50434,27)
(46306,224)
(112226,123)
(97266,195)
(1778,169)
(11906,92)
(57810,27)
(1234,214)
(16882,151)
(76482,237)
(82018,167)
(57954,212)
(101874,193)
(100018,191)
(123394,85)
(113874,156)
(88802,193)
(36210,212)
(105346,175)
(48962,170)
(103730,131)
(31522,120)
(123938,123)
(104690,217)
(69330,182)
(131106,228)
(56210,231)
(81106,120)
(91682,229)
(100754,236)
(38818,228)
(69858,25)
(29410,231)
(242,238)
(99794,230)
(49522,183)
(103106,177)
(122818,110)
(88690,229)
(33794,156)
(35426,180)
(21586,55)
(20114,181)
(47810,35)
(128642,139)
(37218,218)
(43490,62)
(24946,218)
(2482,60)
(54754,14)
(22946,230)
(21874,190)
(98914,238)
(93938,134)
(125058,229)
(20658,177)
(120978,231)
(135474,159)
(121314,25)
(133010,133)
(127330,237)
(123186,141)
(65730,180)
(7954,49)
(2674,86)
(128754,182)
(99474,60)
(101378,239)
(104258,217)
(52162,224)
(60434,212)
(12226,86)
(29058,119)
(43522,34)
(38914,98)
(70018,60)
(30882,72)
(61554,132)
(56258,73)
(98546,121)
(87522,23)
(35298,45)
(39090,24)
(2498,133)
(6786,93)
(83746,231)
(1330,134)
(113714,120)
(86882,158)
(3362,22)
(15394,236)
(12290,67)
(77794,224)
(71266,81)
(54034,206)
(45458,13)
(61202,128)
(30706,188)
(85314,72)
(135938,109)
(31314,140)
(87858,98)
(84914,132)
(37010,239)
(73250,158)
(131938,122)
(135842,71)
(121154,199)
(8066,230)
(70802,195)
(53170,48)
(56706,217)
(16146,50)
(115474,111)
(129842,36)
(3746,180)
(12658,69)
(25874,58)
(32162,130)
(117186,225)
(105042,238)
(39330,99)
(103090,79)
(7714,93)
(67090,223)
(103010,217)
(41906,61)
(19890,109)
(100450,225)
(90770,165)
(42322,99)
(124562,34)
(134050,96)
(134866,108)
(133266,144)
(69474,237)
(43650,229)
(4994,121)
(28850,236)
(94290,127)
(31618,230)
(70978,80)
(123634,60)
(14498,109)
(61314,74)
(99058,235)
(87202,237)
(95090,97)
(3970,74)
(82034,117)
(8274,237)
(25970,179)
(63442,130)
(43890,239)
(72146,98)
(69170,182)
(52098,130)
(76466,61)
(98290,103)
(34690,168)
(75122,81)
(95890,91)
(39026,223)
(77426,34)
(131282,219)
(62306,187)
(83474,115)
(105314,131)
(135506,144)
(102034,193)
(69954,238)
(114018,91)
(138338,192)
(12578,50)
(119634,195)
(36162,21)
(18850,134)
(48914,122)
(24882,180)
(3058,236)
(84002,145)
(89202,104)
(89426,43)
(76114,85)
(105826,238)
(69394,223)
(8034,132)
(122114,144)
(61730,85)
(11826,132)
(13346,97)
(6018,147)
(30050,94)
(46386,236)
(68402,182)
(83650,85)
(114562,46)
(131570,238)
(65954,46)
(54690,83)
(15266,98)
(18370,177)
(3666,218)
(16258,84)
(95650,180)
(113842,131)
(114658,228)
(84738,120)
(103586,237)
(100594,229)
(106866,237)
(100194,216)
(58194,237)
(134514,229)
(13602,230)
(74146,82)
(123058,188)
(80578,236)
(67506,61)
(39410,193)
(91058,133)
(103922,235)
(16898,106)
(135906,191)
(48674,224)
(82338,142)
(50050,120)
(74914,230)
(32338,239)
(53250,239)
(19474,79)
(23330,238)
(40898,14)
(121762,146)
(60866,96)
(110658,12)
(130178,179)
(47106,216)
(74642,69)
(12978,109)
(45634,154)
(94642,203)
(13362,56)
(75762,95)
(75330,216)
(95186,231)
(7858,109)
(129650,48)
(61506,191)
(4754,237)
(17954,74)
(32834,216)
(15938,239)
(125986,229)
(64770,212)
(96306,106)
(92818,110)
(82770,115)
(43970,195)
(17634,229)
(83906,228)
(102162,238)
(4818,32)
(74050,231)
(90850,14)
(1362,228)
(117890,56)
(3778,178)
(128290,120)
(62866,236)
(107778,55)
(109954,121)
(73778,58)
(57474,84)
(12770,178)
(54866,87)
(95026,179)
(12450,15)
(25778,143)
(62546,239)
(35570,229)
(19810,115)
(32354,79)
(72994,111)
(45618,193)
(14354,108)
(31010,218)
(53938,226)
(113938,22)
(41106,195)
(127634,25)
(47906,169)
(104898,224)
(69714,239)
(19746,225)
(71234,237)
(40578,239)
(83090,158)
(101442,239)
(51634,72)
(90866,39)
(46994,134)
(92322,178)
(119650,116)
(13090,120)
(20994,238)
(74386,48)
(38546,49)
(83394,70)
(32626,218)
(13186,132)
(11090,189)
(52418,225)
(44258,25)
(111394,239)
(67986,146)
(121250,99)
(105746,32)
(43138,235)
(10690,110)
(98626,224)
(134642,225)
(107026,158)
(85762,24)
(34786,72)
(95170,230)
(105202,230)
(134498,134)
(107442,46)
(38498,146)
(1666,230)
(79858,58)
(110930,133)
(109234,195)
(112466,215)
(15810,120)
(81442,142)
(58722,231)
(80162,24)
(121042,178)
(13970,111)
(122706,177)
(132834,33)
(115298,81)
(64402,239)
(68514,120)
(118210,86)
(63346,129)
(16514,134)
(100354,68)
(16722,109)
(10146,230)
(83666,159)
(6434,194)
(16194,223)
(14194,36)
(27874,99)
(87234,165)
(114434,178)
(114738,217)
(104866,144)
(31938,105)
(64818,134)
(129234,120)
(3234,228)
(10994,132)
(118578,170)
(23602,187)
(12898,79)
(28146,14)
(63426,96)
(55490,22)
(96418,169)
(94450,164)
(66898,98)
(46722,73)
(18466,212)
(40386,84)
(124274,50)
(131042,109)
(102722,95)
(97778,157)
(27250,61)
(48210,169)
(94114,163)
(4978,86)
(87458,146)
(136514,95)
(76914,24)
(32738,22)
(25730,230)
(38066,182)
(31138,13)
(45026,69)
(41698,72)
(72690,139)
(39074,24)
(39586,239)
(47826,146)
(7314,169)
(49762,230)
(100546,86)
(53970,177)
(131346,145)
(51490,231)
(32770,217)
(85218,230)
(117554,182)
(135858,180)
(126082,49)
(12594,212)
(74002,49)
(103154,36)
(30562,226)
(118434,191)
(17426,223)
(63938,132)
(112946,130)
(123282,110)
(31538,121)
(24162,79)
(53922,231)
(120114,231)
(41922,49)
(96530,45)
(29906,95)
(61874,239)
(125874,238)
(77810,231)
(92274,193)
(94402,170)
(35474,133)
(85426,223)
(122498,98)
(124786,191)
(90130,216)
(130626,110)
(20674,108)
(81634,181)
(34850,107)
(62530,165)
(78434,193)
(68962,24)
(115650,239)
(15042,187)
(87138,74)
(120434,226)
(9442,170)
(18322,62)
(126898,127)
(102226,182)
(126258,35)
(102658,226)
(44146,224)
(128146,86)
(69362,178)
(117042,133)
(73618,239)
(116274,96)
(18034,104)
(122354,97)
(44514,43)
(108450,81)
(53362,96)
(91714,163)
(77218,24)
(127026,188)
(88434,27)
(23778,237)
(78130,238)
(58754,21)
(88834,212)
(69378,62)
(56018,131)
(30018,235)
(95106,218)
(9234,156)
(94738,85)
(74834,61)
(84370,224)
(133218,235)
(51842,62)
(52850,237)
(70738,238)
(70434,230)
(63378,156)
(137330,122)
(93666,154)
(76818,190)
(128610,225)
(126754,168)
(24930,239)
(82354,108)
(137842,13)
(99746,207)
(86706,50)
(51170,24)
(119714,187)
(2018,159)
(52082,62)
(99314,70)
(62466,122)
(9074,154)
(67026,107)
(73186,218)
(68562,182)
(79138,69)
(134930,229)
(96466,157)
(124034,147)
(41602,187)
(23426,239)
(706,195)
(50882,192)
(110050,49)
(56034,50)
(41570,231)
(67058,37)
(50722,87)
(31650,128)
(22450,110)
(83074,229)
(84386,109)
(9874,99)
(26754,225)
(24818,237)
(88882,238)
(610,207)
(61538,178)
(59906,235)
(113906,195)
(135138,86)
(12706,72)
(128098,169)
(84562,239)
(96754,115)
(1586,238)
(60898,194)
(71874,13)
(17938,98)
(51090,132)
(24786,36)
(78530,73)
(56498,86)
(72082,168)
(7298,120)
(67682,239)
(115906,238)
(68034,182)
(135282,86)
(78962,229)
(125234,177)
(78818,226)
(55922,156)
(104226,230)
(6370,75)
(29554,74)
(123874,236)
(116690,217)
(20050,59)
(73426,229)
(30738,228)
(79970,33)
(127554,97)
(68914,35)
(114962,60)
(44050,120)
(4242,110)
(58514,95)
(53714,163)
(22194,239)
(119202,85)
(85986,85)
(50258,43)
(124930,166)
(53682,165)
(83362,95)
(27826,12)
(41122,19)
(35042,225)
(118818,25)
(78514,34)
(122546,98)
(76834,177)
(79634,191)
(73362,223)
(124834,47)
(95698,190)
(11474,230)
(51138,212)
(135586,141)
(14050,175)
(101506,26)
(34482,169)
(7922,25)
(101938,170)
(43042,192)
(101394,31)
(77010,129)
(92082,168)
(8050,237)
(47458,228)
(102258,123)
(115106,229)
(137714,133)
(12642,175)
(134978,117)
(34610,133)
(45922,38)
(58146,127)
(110626,238)
(130946,177)
(83762,22)
(118338,225)
(34866,238)
(20146,170)
(10546,56)
(66450,26)
(73506,236)
(7154,62)
(116642,168)
(55970,238)
(27474,80)
(66690,176)
(76978,111)
(63586,231)
(123362,44)
(48658,170)
(128418,46)
(137218,231)
(97762,22)
(137730,238)
(98322,195)
(34114,45)
(11762,183)
(25010,115)
(26386,236)
(47618,178)
(6178,216)
(106354,167)
(21394,183)
(100370,81)
(112770,180)
(66994,224)
(60946,145)
(84354,238)
(12802,98)
(123602,133)
(11282,195)
(20178,224)
(123906,68)
(59170,146)
(95810,117)
(15570,224)
(108034,145)
(18946,218)
(85234,217)
(44178,238)
(77938,146)
(74162,237)
(87170,49)
(22066,236)
(106946,98)
(42018,157)
(86114,230)
(129106,182)
(20018,48)
(54274,217)
(121362,224)
(58930,230)
(120530,236)
(22994,228)
(45202,224)
(44114,38)
(11538,127)
(47874,122)
(57154,223)
(58578,32)
(24498,231)
(58418,98)
(97570,85)
(87826,194)
(28210,215)
(85010,128)
(53954,129)
(69826,229)
(91778,73)
(2626,15)
(120210,237)
(65442,237)
(13810,238)
(121618,188)
(47938,61)
(123458,178)
(129362,48)
(10338,199)
(31730,182)
(35314,14)
(8434,94)
(110130,97)
(108530,195)
(43250,59)
(39106,158)
(114050,231)
(36610,175)
(113890,237)
(122418,224)
(73042,180)
(16802,168)
(122258,218)
(8354,13)
(132066,239)
(104418,166)
(44834,67)
(67794,37)
(105218,178)
(15906,13)
(5826,238)
(85858,223)
(55842,36)
(129218,218)
(99410,187)
(59426,175)
(13986,85)
(63058,144)
(26770,80)
(48274,104)
(78210,217)
(104434,195)
(30002,46)
(113650,235)
(78034,217)
(124898,224)
(125026,34)
(107298,194)
(77170,195)
(115682,27)
(129378,86)
(112162,74)
(59810,236)
(111874,225)
(87250,120)
(117426,60)
(10722,179)
(10210,75)
(31666,37)
(71074,212)
(97282,93)
(133106,231)
(11666,193)
(42754,157)
(124466,215)
(54434,183)
(1106,61)
(17394,60)
(51410,176)
(51938,230)
(52562,231)
(66146,204)
(117218,237)
(22770,155)
(101010,229)
(29714,158)
(59602,97)
(94082,129)
(51986,45)
(111202,46)
(84050,86)
(26226,49)
(2946,128)
(15986,226)
(62210,238)
(16130,37)
(32866,236)
(65970,218)
(90962,188)
(106210,170)
(25698,128)
(70082,43)
(21554,157)
(20866,36)
(61810,46)
(114,218)
(56930,171)
(32274,108)
(26130,140)
(37794,189)
(120306,50)
(121010,104)
(49810,182)
(61714,159)
(122994,181)
(42226,120)
(59282,87)
(94626,238)
(107154,92)
(122482,165)
(82226,229)
(102370,216)
(46258,193)
(56466,191)
(107458,26)
(118194,238)
(94674,170)
(54882,193)
(130434,59)
(7778,193)
(4162,231)
(115122,128)
(119410,51)
(12354,181)
(69298,145)
(13330,145)
(133618,229)
(10946,155)
(102466,218)
(73762,187)
(36834,228)
(132130,94)
(37810,109)
(138098,97)
(84834,228)
(90466,188)
(111474,189)
(91138,237)
(125426,177)
(65074,86)
(114786,181)
(25026,182)
(78578,23)
(49618,183)
(17058,20)
(113042,195)
(63010,230)
(82242,228)
(90258,193)
(99986,109)
(92146,182)
(103794,170)
(119698,96)
(52962,230)
(35282,105)
(42002,96)
(77090,70)
(25826,105)
(39298,26)
(80402,214)
(27010,63)
(32178,163)
(27090,127)
(115922,127)
(99170,235)
(116850,237)
(66,193)
(111186,23)
(29362,177)
(65458,225)
(6290,238)
(23746,73)
(26738,62)
(89362,108)
(74610,236)
(38786,191)
(77922,58)
(109874,212)
(6322,224)
(101250,239)
(136034,194)
(42162,87)
(96962,229)
(89570,86)
(43074,195)
(84802,119)
(9890,193)
(6834,230)
(14722,225)
(135874,91)
(135602,127)
(78018,238)
(31346,134)
(66274,182)
(60050,129)
(95858,181)
(78450,228)
(77458,55)
(57202,86)
(96914,147)
(45490,44)
(87570,63)
(130050,169)
(105618,104)
(137442,91)
(127826,99)
(40834,45)
(125074,229)
(57554,224)
(14082,193)
(27426,50)
(40290,212)
(102242,73)
(59682,106)
(133090,20)
(131154,163)
(32066,195)
(60178,239)
(96130,190)
(109634,60)
(72786,123)
(26722,170)
(95874,230)
(127538,237)
(722,236)
(124994,169)
(15234,58)
(51042,225)
(32530,158)
(99346,230)
(3154,134)
(128946,121)
(136210,153)
(127922,224)
(106274,83)
(18802,223)
(6882,98)
(45234,134)
(64914,237)
(92594,61)
(95426,118)
(98530,231)
(17154,62)
(65170,167)
(53186,103)
(58978,238)
(125682,238)
(99042,230)
(118146,193)
(49426,74)
(19682,71)
(75634,194)
(130114,187)
(64962,99)
(51794,146)
(3714,59)
(9826,224)
(60994,155)
(70818,193)
(120050,142)
(38930,62)
(57698,230)
(125090,98)
(133650,86)
(112178,193)
(27730,36)
(88658,195)
(38562,229)
(76530,213)
(28946,169)
(42354,206)
(94162,122)
(107410,15)
(68498,132)
(25938,180)
(60770,239)
(82946,72)
(133570,177)
(42866,62)
(58034,237)
(84210,229)
(83586,226)
(133746,14)
(48610,67)
(124546,217)
(55058,103)
(57394,116)
(3826,142)
(94386,128)
(82898,62)
(33570,86)
(2994,182)
(68642,70)
(32434,231)
(47506,181)
(113554,120)
(14626,83)
(91602,85)
(137538,50)
(128466,229)
(135826,39)
(41762,239)
(88082,169)
(33346,193)
(116770,239)
(122962,151)
(134146,74)
(76290,127)
(53426,111)
(34306,193)
(5858,120)
(72722,96)
(88274,15)
(58306,49)
(2418,194)
(80882,61)
(68466,212)
(60674,228)
(102690,236)
(112930,225)
(109554,55)
(131682,178)
(95826,181)
(46562,133)
(132482,57)
(134962,218)
(37490,178)
(29442,229)
(43762,218)
(86498,19)
(16098,191)
(35154,212)
(18738,193)
(32114,48)
(96194,84)
(86994,236)
(9426,191)
(25954,13)
(131218,73)
(63650,225)
(68818,12)
(110402,238)
(105858,120)
(112210,239)
(109618,224)
(73090,189)
(10306,231)
(50962,187)
(25410,193)
(87442,218)
(126114,188)
(4850,213)
(72130,151)
(86306,12)
(74370,55)
(118018,239)
(132674,129)
(11186,178)
(99682,109)
(23570,19)
(74850,43)
(25234,180)
(37378,43)
(71858,120)
(89682,228)
(33010,238)
(99970,120)
(37170,157)
(72386,13)
(133474,191)
(55714,216)
(117618,61)
(126482,182)
(79426,180)
(127506,205)
(27074,38)
(42834,33)
(24642,97)
(120498,120)
(122594,44)
(82066,95)
(10658,237)
(28770,231)
(54482,225)
(58850,93)
(1554,56)
(81698,86)
(119042,45)
(107666,239)
(78322,182)
(32818,26)
(56994,231)
(72978,79)
(90018,37)
(100770,48)
(78306,132)
(99250,177)
(15122,58)
(22370,144)
(51858,238)
(92738,231)
(76338,55)
(52354,182)
(22706,228)
(96578,95)
(91650,217)
(77650,225)
(65922,238)
(118658,83)
(130738,226)
(46866,215)
(50002,144)
(101698,231)
(127730,193)
(52322,239)
(4034,86)
(39186,132)
(93858,189)
(110178,145)
(20898,99)
(103426,224)
(117906,117)
(53698,23)
(116082,38)
(131698,140)
(44210,195)
(23266,236)
(134898,72)
(5586,230)
(138450,193)
(60738,228)
(41746,225)
(12066,133)
(11074,70)
(50642,144)
(87330,168)
(52994,120)
(53314,226)
(67138,239)
(18226,190)
(99554,157)
(121218,155)
(106226,133)
(117058,238)
(35698,170)
(91394,62)
(26562,216)
(131778,170)
(9586,97)
(85490,49)
(137074,158)
(121522,60)
(73314,193)
(15922,164)
(64978,86)
(125858,158)
(14514,74)
(25298,177)
(101362,228)
(8850,225)
(76146,179)
(48354,79)
(105570,39)
(3538,175)
(88914,12)
(90450,195)
(52802,194)
(129634,239)
(20642,83)
(25650,230)
(121186,61)
(80562,121)
(138114,170)
(135634,19)
(28114,200)
(23122,216)
(4866,194)
(125602,70)
(53298,194)
(107218,123)
(59218,59)
(88242,129)
(106402,169)
(66722,170)
(27746,24)
(118882,106)
(27170,133)
(79586,217)
(26018,228)
(1250,194)
(84930,25)
(98306,154)
(72338,50)
(72610,157)
(106338,38)
(18898,182)
(37602,239)
(93490,146)
(37234,62)
(28274,224)
(19634,120)
(102930,132)
(96322,122)
(39474,218)
(106130,238)
(120866,170)
(38466,225)
(95762,37)
(88354,230)
(91154,120)
(57122,168)
(82114,187)
(108690,229)
(42722,50)
(124770,55)
(35666,157)
(79474,121)
(124946,239)
(115842,195)
(36402,226)
(70882,63)
(2402,116)
(122162,86)
(8514,177)
(15634,97)
(92802,182)
(98114,177)
(26978,50)
(5410,142)
(56818,158)
(46978,238)
(83634,111)
(80482,75)
(90706,237)
(50306,79)
(61410,119)
(130786,192)
(38706,239)
(12546,228)
(101458,97)
(116914,239)
(4050,59)
(29650,193)
(84978,239)
(33522,34)
(10866,180)
(116530,236)
(119986,120)
(74658,190)
(99378,96)
(107122,226)
(137554,49)
(111266,72)
(98642,37)
(51554,157)
(72466,231)
(116818,121)
(45858,86)
(4210,133)
(128050,86)
(138466,181)
(110018,79)
(112066,229)
(71538,228)
(108290,97)
(64674,86)
(89218,238)
(130866,82)
(44274,56)
(122066,50)
(124642,238)
(96562,194)
(104066,182)
(105986,182)
(129474,129)
(19250,104)
(120066,49)
(117202,236)
(62754,216)
(128450,61)
(79154,168)
(96818,171)
(117010,212)
(121810,139)
(16034,237)
(114674,181)
(96402,180)
(92210,33)
(19362,107)
(23250,12)
(109010,229)
(135026,92)
(36818,188)
(105362,50)
(21490,134)
(63842,120)
(135218,218)
(108962,13)
(104114,69)
(69986,171)
(132562,74)
(25634,193)
(137666,15)
(126978,119)
(77138,50)
(18530,108)
(88994,236)
(10882,188)
(1154,72)
(80050,24)
(46594,230)
(16546,212)
(23954,216)
(100914,218)
(109602,74)
(3410,238)
(62018,142)
(61634,85)
(113618,109)
(5714,182)
(31634,127)
(71042,183)
(115282,132)
(14162,109)
(64706,169)
(70578,182)
(121090,231)
(133426,86)
(106594,72)
(56386,127)
(78226,74)
(136882,218)
(21506,46)
(81602,187)
(123522,229)
(106546,63)
(50930,237)
(8402,218)
(47634,38)
(8802,237)
(23362,74)
(63922,217)
(47554,110)
(35138,193)
(36994,87)
(134338,187)
(124530,153)
(69938,156)
(73602,238)
(27282,191)
(2690,224)
(44194,107)
(84546,104)
(119602,147)
(42210,122)
(122578,44)
(119970,158)
(107282,229)
(3570,238)
(77730,189)
(127170,189)
(8834,21)
(35202,217)
(83458,226)
(123794,62)
(130194,121)
(38642,72)
(54098,235)
(65826,38)
(85746,223)
(128834,237)
(50178,224)
(87810,238)
(14450,236)
(85138,223)
(137298,99)
(115042,95)
(90802,108)
(31890,225)
(87058,195)
(109186,139)
(18386,226)
(85794,191)
(54802,95)
(98194,187)
(62386,49)
(1314,60)
(97666,188)
(75314,182)
(126914,68)
(58802,104)
(52290,38)
(53458,218)
(77714,72)
(4610,229)
(64114,179)
(65842,31)
(116226,170)
(22802,194)
(28226,63)
(101122,182)
(67010,71)
(128770,177)
(21074,47)
(109890,75)
(115490,108)
(123714,133)
(102354,181)
(25266,228)
(67778,25)
(116722,130)
(114114,60)
(49842,187)
(118322,235)
(127186,216)
(4530,226)
(24002,59)
(17826,61)
(67906,37)
(95570,229)
(19586,59)
(17570,19)
(70914,195)
(53218,143)
(91970,229)
(66498,178)
(124962,60)
(74082,182)
(125506,120)
(135890,81)
(75410,12)
(128658,159)
(66194,177)
(6338,105)
(127746,219)
(13154,120)
(136802,189)
(6386,191)
(125362,157)
(51394,178)
(82402,132)
(97506,96)
(112562,229)
(119106,230)
(19874,69)
(28242,123)
(121906,39)
(44082,158)
(51826,228)
(64466,231)
(80146,229)
(50578,238)
(65090,169)
(110114,85)
(43986,216)
(70722,157)
(75202,237)
(16018,223)
(82994,33)
(124434,239)
(122914,72)
(135698,167)
(68770,105)
(77986,132)
(82,38)
(26882,82)
(55314,182)
(51874,132)
(18962,216)
(114034,92)
(136290,97)
(1394,169)
(35058,153)
(28930,182)
(73410,144)
(137282,237)
(97106,96)
(4466,181)
(38898,177)
(97954,216)
(34194,75)
(40626,87)
(38178,191)
(92354,176)
(4002,133)
(98770,189)
(111890,57)
(112370,81)
(25058,239)
(46626,206)
(121698,228)
(58322,121)
(115234,236)
(104834,226)
(83266,237)
(19170,238)
(34450,72)
(137906,224)
(26162,26)
(109138,230)
(67634,38)
(80306,97)
(88258,26)
(62354,236)
(64802,155)
(111378,38)
(24338,182)
(19218,183)
(100226,192)
(7202,144)
(123378,62)
(27538,61)
(37554,44)
(9938,158)
(49506,85)
(81506,134)
(31970,205)
(22610,38)
(35234,50)
(112834,131)
(55218,33)
(58626,80)
(93762,123)
(22898,194)
(56946,182)
(7634,144)
(65474,60)
(6466,217)
(98850,238)
(122530,231)
(60162,158)
(74114,107)
(53538,237)
(120370,194)
(80210,85)
(81186,38)
(31570,230)
(22242,91)
(132434,120)
(54146,108)
(53394,193)
(50594,127)
(59714,43)
(87090,128)
(16626,228)
(56402,81)
(127762,182)
(111442,187)
(127858,182)
(116258,51)
(62098,228)
(93954,23)
(134018,55)
(68802,109)
(35810,70)
(29186,235)
(47970,15)
(51330,181)
(134402,69)
(33282,120)
(112802,38)
(132722,134)
(96594,144)
(62642,120)
(27554,226)
(53330,14)
(12338,218)
(94418,145)
(19442,139)
(53074,133)
(88386,34)
(62818,216)
(67122,237)
(136434,190)
(71666,223)
(74466,72)
(60514,14)
(51762,84)
(578,72)
(41618,24)
(61474,164)
(44946,120)
(55938,61)
(133186,97)
(99858,212)
(46290,23)
(57090,61)
(107986,48)
(18178,110)
(32706,146)
(42402,237)
(104450,181)
(6690,43)
(81570,61)
(127906,62)
(53522,190)
(46658,236)
(54498,121)
(2978,181)
(49298,237)
(101794,194)
(134562,61)
(114258,93)
(69266,118)
(128850,239)
(63234,50)
(83842,230)
(97042,167)
(129570,168)
(70930,238)
(26658,93)
(24354,63)
(39778,82)
(68930,195)
(11042,69)
(62450,56)
(4946,216)
(135394,225)
(50226,57)
(71282,236)
(72098,237)
(74258,156)
(62882,44)
(79458,224)
(126658,50)
(120274,12)
(132034,57)
(112114,189)
(63554,62)
(31282,145)
(61298,47)
(69842,95)
(14434,237)
(12498,238)
(16482,195)
(76178,117)
(71426,14)
(90562,214)
(1490,45)
(25474,73)
(98690,239)
(67890,216)
(28002,56)
(122450,85)
(8162,13)
(31554,203)
(3586,194)
(113234,14)
(57378,190)
(50130,116)
(111122,33)
(135650,163)
(94050,228)
(6754,79)
(69794,48)
(20546,14)
(15522,180)
(97202,73)
(112642,132)
(44338,231)
(135090,24)
(18290,187)
(28626,144)
(58338,139)
(92658,224)
(19490,60)
(60322,50)
(8370,239)
(121026,229)
(62242,171)
(125202,238)
(25442,135)
(27042,176)
(115218,216)
(137698,34)
(85906,188)
(34322,239)
(94530,230)
(450,239)
(24610,193)
(71106,216)
(133170,96)
(118466,98)
(15202,231)
(81026,194)
(10114,145)
(52930,147)
(21794,14)
(102802,158)
(87698,228)
(103634,106)
(100482,68)
(56274,24)
(116482,195)
(126226,63)
(79298,98)
(137474,20)
(114066,31)
(130674,182)
(119266,116)
(88306,46)
(113266,159)
(60978,154)
(68002,223)
(133634,20)
(118642,12)
(52530,237)
(75906,178)
(65410,239)
(30642,25)
(18418,229)
(86418,31)
(40706,183)
(42370,57)
(2706,228)
(53506,13)
(5090,164)
(126690,238)
(51618,108)
(8386,223)
(27442,80)
(5506,123)
(37458,218)
(57330,121)
(80658,104)
(104914,182)
(86866,237)
(136258,224)
(87490,14)
(28738,170)
(47186,212)
(91874,231)
(94594,61)
(46434,229)
(95010,178)
(105266,44)
(48578,131)
(135074,120)
(13826,71)
(129714,24)
(5746,74)
(43698,164)
(15330,223)
(94210,73)
(112914,80)
(29250,120)
(37426,50)
(18994,229)
(16050,73)
(25378,178)
(21314,218)
(9762,228)
(116978,85)
(8546,122)
(106962,38)
(87394,237)
(112146,121)
(39954,71)
(137970,226)
(104978,20)
(67650,229)
(100610,237)
(129042,31)
(55826,110)
(109586,236)
(30178,121)
(92946,237)
(137426,36)
(22098,97)
(1906,24)
(90114,26)
(96354,156)
(10178,80)
(134530,170)
(61650,218)
(96274,236)
(61570,145)
(53010,177)
(118738,60)
(92962,158)
(17778,13)
(37314,183)
(7570,187)
(42274,55)
(137650,109)
(128402,37)
(73730,229)
(43154,217)
(1042,155)
(74434,105)
(92882,104)
(43586,156)
(74754,238)
(85410,157)
(130482,120)
(80642,24)
(60210,105)
(4498,145)
(97602,60)
(133506,187)
(98002,105)
(16994,20)
(75346,109)
(22034,195)
(107826,231)
(11618,194)
(37042,129)
(70690,59)
(79986,86)
(85250,33)
(162,26)
(10914,195)
(81938,224)
(128338,85)
(29810,229)
(23234,180)
(95522,155)
(20402,180)
(101730,217)
(59778,237)
(87618,74)
(4258,218)
(41954,218)
(135794,216)
(89922,237)
(3602,145)
(9250,44)
(9106,215)
(76082,228)
(79714,230)
(105922,61)
(134818,118)
(6850,228)
(70146,226)
(101202,61)
(27618,132)
(53826,85)
(70402,49)
(67442,156)
(113858,207)
(41058,237)
(97074,92)
(20082,48)
(134434,190)
(80850,180)
(86434,120)
(132418,127)
(102418,74)
(37906,218)
(97394,67)
(5186,190)
(94658,191)
(138162,26)
(69634,153)
(89106,235)
(50274,131)
(60194,86)
(82258,38)
(123250,223)
(127234,122)
(770,14)
(70178,189)
(83890,31)
(5954,15)
(101042,228)
(38626,189)
(57730,223)
(115394,238)
(86546,49)
(75362,51)
(46354,180)
(72562,72)
(13746,48)
(106882,132)
(104466,228)
(10386,36)
(121746,48)
(136594,212)
(132402,159)
(60242,187)
(125394,238)
(51058,237)
(23922,117)
(19618,128)
(78162,193)
(99154,145)
(10466,72)
(113666,127)
(36642,195)
(91634,107)
(100642,238)
(76690,182)
(112962,115)
(8594,115)
(1730,110)
(128354,178)
(38162,168)
(31074,60)
(45714,62)
(130226,20)
(73218,167)
(127618,169)
(41586,37)
(129906,91)
(72242,239)
(119442,95)
(110946,50)
(51474,131)
(125474,108)
(108594,144)
(99810,157)
(51026,15)
(28098,44)
(107586,27)
(80994,92)
(16850,15)
(88418,239)
(89698,108)
(49026,127)
(75266,226)
(106418,226)
(111362,104)
(77874,68)
(38210,194)
(107106,236)
(22818,21)
(105282,193)
(133074,133)
(86674,238)
(12130,87)
(53090,170)
(104930,191)
(17730,170)
(54210,85)
(68018,171)
(107906,187)
(91698,85)
(120898,237)
(121602,238)
(3938,236)
(66850,14)
(45346,56)
(2194,82)
(9810,166)
(56914,135)
(112722,120)
(122082,169)
(43954,216)
(34242,224)
(34722,139)
(103522,194)
(110594,84)
(27122,192)
(94882,224)
(102130,230)
(12114,165)
(73394,144)
(120642,127)
(99330,178)
(116930,180)
(64034,212)
(98498,180)
(74706,144)
(28674,36)
(128738,178)
(50818,157)
(131010,94)
(28178,182)
(34226,170)
(3378,58)
(40242,229)
(134594,223)
(32562,12)
(59490,109)
(98514,50)
(126338,59)
(133410,156)
(86818,127)
(136162,182)
(55586,166)
(26914,237)
(10850,236)
(48706,116)
(43938,115)
(11938,95)
(31602,212)
(9170,178)
(7586,238)
(14578,177)
(125538,180)
(49570,84)
(5922,121)
(68418,228)
(121410,74)
(30482,238)
(85826,37)
(131522,217)
(136018,170)
(9970,167)
(30610,74)
(129090,71)
(82930,169)
(31394,230)
(34978,130)
(67490,164)
(11426,190)
(38098,23)
(126002,49)
(69282,98)
(37202,239)
(42994,166)
(51538,39)
(55698,27)
(59458,38)
(89634,225)
(100050,193)
(24834,80)
(56690,178)
(33634,132)
(42706,72)
(116418,229)
(106834,239)
(61218,106)
(91794,181)
(118242,237)
(118754,98)
(3762,158)
(36898,237)
(57266,195)
(98962,166)
(10594,182)
(58658,146)
(41346,164)
(41426,86)
(86226,15)
(83314,56)
(109026,106)
(111618,120)
(44818,229)
(73794,25)
(113186,180)
(109506,195)
(134162,175)
(85090,171)
(76306,171)
(44882,170)
(24658,188)
(418,189)
(42610,14)
(120002,230)
(20482,224)
(128306,158)
(27058,170)
(63250,224)
(67618,49)
(81346,230)
(127282,86)
(55634,238)
(27394,188)
(61058,35)
(1618,204)
(59762,115)
(67362,62)
(117730,62)
(113954,21)
(5602,123)
(88562,33)
(45554,120)
(76674,38)
(80818,36)
(122946,69)
(56626,169)
(90194,169)
(36786,79)
(34210,170)
(110562,80)
(52866,193)
(112434,103)
(123442,230)
(34034,62)
(28354,13)
(104402,86)
(115154,24)
(102642,104)
(38418,193)
(57874,193)
(94770,239)
(133522,20)
(30322,70)
(42146,224)
(37122,194)
(103186,80)
(54786,191)
(104050,179)
(132754,98)
(34050,195)
(15746,111)
(106146,79)
(36466,85)
(64594,163)
(124114,238)
(114306,217)
(87282,85)
(127570,37)
(69010,182)
(13506,44)
(58594,231)
(75698,228)
(96770,170)
(128626,228)
(129202,157)
(97058,223)
(73154,36)
(119522,108)
(72194,97)
(138418,163)
(48178,216)
(39522,224)
(98594,55)
(10834,228)
(62418,128)
(24082,230)
(31330,239)
(3346,228)
(25138,147)
(3906,85)
(56290,36)
(80466,98)
(103234,57)
(54546,95)
(89986,133)
(16738,228)
(128194,129)
(118002,133)
(129682,131)
(75778,134)
(27842,129)
(97906,83)
(2658,237)
(134098,195)
(57986,235)
(12738,180)
(76610,111)
(32082,215)
(81250,183)
(21266,228)
(95554,238)
(101234,72)
(7522,145)
(120802,216)
(5810,12)
(74194,231)
(120258,237)
(119394,91)
(125666,176)
(18050,179)
(55410,131)
(130146,231)
(1426,57)
(2242,110)
(116178,216)
(44546,134)
(46034,87)
(68258,192)
(47538,229)
(120594,171)
(94754,237)
(113810,33)
(66098,176)
(28290,193)
(34802,225)
(93698,177)
(41202,170)
(102962,230)
(69506,110)
(108898,83)
(109474,195)
(21138,238)
(89394,130)
(137522,92)
(11810,182)
(63874,169)
(109778,236)
(62802,49)
(122322,228)
(12626,216)
(26690,84)
(21938,182)
(12994,128)
(132946,228)
(85618,223)
(59010,122)
(8322,238)
(109346,188)
(12050,58)
(93554,129)
(130386,93)
(4594,96)
(39554,230)
(9522,22)
(126770,85)
(86466,117)
(64418,236)
(29346,121)
(115874,237)
(135010,37)
(22978,218)
(122274,230)
(69922,230)
(26594,156)
(51746,121)
(83218,27)
(23154,188)
(114370,180)
(60274,223)
(23650,24)
(52210,122)
(87890,105)
(71346,182)
(37778,223)
(97250,36)
(434,25)
(74962,115)
(16930,214)
(87154,122)
(54290,167)
(80338,99)
(95298,214)
(100962,237)
(93394,79)
(46802,140)
(28322,13)
(92530,180)
(111778,159)
(65378,223)
(12306,191)
(2370,133)
(43170,182)
(6562,179)
(50658,97)
(72738,191)
(107202,175)
(3730,26)
(22674,31)
(128994,182)
(97010,74)
(80674,24)
(136482,165)
(32578,107)
(50834,223)
(53154,31)
(100162,239)
(132530,177)
(36962,38)
(77778,164)
(113762,218)
(113586,182)
(10482,179)
(111346,120)
(19906,38)
(61282,86)
(19778,212)
(86130,120)
(81650,236)
(93138,224)
(54514,68)
(115554,109)
(134946,48)
(5426,183)
(28130,182)
(73666,177)
(9090,239)
(22930,235)
(59522,226)
(53842,128)
(80226,57)
(118386,122)
(125954,192)
(91234,181)
(136562,143)
(50610,179)
(126962,154)
(5026,224)
(33986,128)
(71378,158)
(27794,119)
(19826,128)
(121794,14)
(15106,25)
(93378,190)
(103602,94)
(110642,106)
(55394,236)
(73714,168)
(7826,12)
(33970,238)
(96210,151)
(121874,62)
(9490,133)
(40226,93)
(19986,80)
(82210,144)
(137490,226)
(86594,236)
(117842,231)
(93282,239)
(130098,195)
(11970,231)
(45042,26)
(7330,80)
(61858,237)
(13890,104)
(30658,238)
(111426,229)
(116306,116)
(82466,108)
(54258,158)
(53554,111)
(47570,182)
(97986,192)
(50978,98)
(56898,182)
(24098,178)
(1298,182)
(118850,239)
(110738,238)
(1874,62)
(52658,228)
(80418,62)
(108306,236)
(55362,228)
(49730,190)
(118514,108)
(11746,146)
(115058,178)
(56050,120)
(22466,168)
(15698,61)
(69730,216)
(74594,214)
(32802,182)
(83922,97)
(94338,238)
(76626,217)
(58738,98)
(82738,159)
(115698,193)
(81986,87)
(9794,229)
(114914,218)
(102610,181)
(80290,195)
(86370,229)
(82706,226)
(107538,13)
(116498,35)
(42946,195)
(93058,236)
(32594,83)
(124258,70)
(114530,190)
(32146,96)
(102850,73)
(40770,226)
(61826,217)
(79778,237)
(124418,108)
(78386,86)
(104514,239)
(35330,36)
(130290,177)
(19730,50)
(37698,236)
(97554,133)
(30770,86)
(61906,226)
(106242,159)
(39490,84)
(122626,216)
(57426,81)
(60034,120)
(75426,225)
(33026,236)
(62562,144)
(111906,239)
(23346,111)
(137314,200)
(64738,24)
(108258,98)
(1378,170)
(137154,226)
(110370,47)
(44562,182)
(58434,238)
(94690,187)
(61186,224)
(86194,57)
(113922,39)
(51154,128)
(99906,168)
(129186,99)
(107650,14)
(34130,154)
(137858,33)
(27314,178)
(62274,110)
(102770,108)
(59026,194)
(59138,215)
(41826,120)
(42962,109)
(130,225)
(114546,82)
(131810,214)
(120850,92)
(104322,225)
(138146,134)
(115890,238)
(22498,236)
(44370,179)
(32642,230)
(55346,119)
(130898,143)
(10066,106)
(56082,55)
(24306,135)
(65282,195)
(138130,189)
(24050,228)
(60082,191)
(124098,61)
(122722,194)
(108130,46)
(6210,56)
(119250,215)
(97234,14)
(91346,60)
(97346,216)
(115746,229)
(76018,25)
(65298,105)
(37842,133)
(38146,231)
(5794,122)
(47442,228)
(2274,51)
(66930,216)
(113986,194)
(84770,122)
(136658,207)
(110770,70)
(136722,98)
(65346,127)
(101314,195)
(19010,36)
(135154,229)
(75650,223)
(104242,27)
(47122,229)
(111090,223)
(45698,151)
(71602,228)
(108626,239)
(4514,230)
(96258,230)
(11058,192)
(93586,95)
(133698,181)
(39938,230)
(86402,133)
(1026,228)
(33202,182)
(57458,80)
(66338,33)
(63826,236)
(12466,212)
(48482,130)
(109538,120)
(31234,85)
(117682,218)
(118674,120)
(76754,228)
(48498,12)
(31090,96)
(64242,237)
(35186,224)
(36418,38)
(93794,133)
(129522,235)
(72530,218)
(14466,85)
(178,190)
(104994,224)
(100146,170)
(97298,181)
(62770,134)
(85026,123)
(131922,238)
(79922,238)
(39218,43)
(50322,226)
(116674,166)
(117602,229)
(120626,239)
(79010,123)
(19202,82)
(69570,237)
(102882,237)
(1122,122)
(105234,229)
(41298,165)
(7906,103)
(14594,109)
(48786,238)
(28866,228)
(82882,127)
(62162,163)
(64258,135)
(57234,195)
(8482,239)
(38594,170)
(2754,156)
(57650,190)
(62850,49)
(83410,228)
(138002,225)
(10370,20)
(40882,36)
(73890,229)
(46914,182)
(29634,223)
(38978,238)
(8706,80)
(31794,182)
(131410,236)
(90210,122)
(43794,61)
(59042,238)
(39794,237)
(24562,43)
(87666,180)
(19042,15)
(126642,98)
(114338,68)
(113634,86)
(76242,178)
(13490,57)
(93922,133)
(20706,144)
(41634,69)
(107714,94)
(117298,103)
(47010,121)
(39506,193)
(34370,212)
(56370,25)
(85650,226)
(122850,122)
(52434,230)
(75714,69)
(77490,127)
(97426,80)
(105810,195)
(83138,34)
(133314,187)
(6962,230)
(28018,224)
(39906,239)
(62338,195)
(82962,225)
(15458,111)
(89378,127)
(61682,177)
(60306,230)
(121074,237)
(120146,206)
(35874,50)
(2050,182)
(26050,48)
(8114,154)
(78098,79)
(44130,25)
(85458,230)
(76194,230)
(75442,111)
(136498,80)
(70754,170)
(34434,193)
(33922,86)
(10818,190)
(98818,151)
(80498,228)
(82914,238)
(51074,119)
(33858,218)
(59202,239)
(70194,238)
(18914,44)
(40338,50)
(7650,218)
(15826,92)
(127314,20)
(42930,91)
(802,156)
(18866,230)
(30914,168)
(49378,22)
(128802,170)
(72898,79)
(125378,73)
(66082,50)
(50,105)
(54178,237)
(106610,159)
(8642,96)
(131586,151)
(34770,87)
(67554,96)
(49186,134)
(30754,98)
(59330,180)
(71522,217)
(102626,36)
(112850,216)
(128674,200)
(110226,170)
(67842,133)
(123682,230)
(48642,24)
(24866,67)
(32386,19)
(94610,38)
(116146,19)
(108754,20)
(61954,182)
(120706,169)
(54706,237)
(92850,145)
(124386,236)
(64130,223)
(86658,190)
(61618,158)
(72658,228)
(61250,71)
(93154,26)
(34930,24)
(23410,80)
(93074,86)
(57410,72)
(8738,156)
(19650,33)
(88338,191)
(134786,230)
(27186,158)
(29282,182)
(73106,237)
(100690,84)
(94002,226)
(99778,97)
(120194,206)
(70258,120)
(104754,180)
(109122,94)
(38882,134)
(26002,230)
(108050,218)
(31506,239)
(92306,36)
(103458,13)
(128594,80)
(33474,200)
(109362,146)
(76898,91)
(93618,67)
(12258,142)
(128978,239)
(123842,13)
(54386,216)
(61138,235)
(132210,108)
(40434,182)
(5202,157)
(82386,211)
(113122,230)
(18162,122)
(226,192)
(44690,237)
(71650,61)
(51458,80)
(35794,239)
(99954,86)
(33442,216)
(23538,25)
(95346,238)
(14818,158)
(132338,182)
(105762,85)
(46674,132)
(33938,44)
(130818,57)
(1282,14)
(72754,71)
(74498,15)
(60290,39)
(76434,141)
(118306,130)
(109042,108)
(22626,228)
(5122,170)
(134386,129)
(83570,239)
(108914,67)
(10258,182)
(91586,13)
(4642,237)
(107762,157)
(63458,130)
(123650,216)
(3282,23)
(65538,226)
(113778,236)
(48818,45)
(24626,87)
(134082,119)
(120082,224)
(49970,231)
(59698,155)
(31842,180)
(62434,84)
(121474,142)
(106450,237)
(10402,237)
(98578,36)
(1714,73)
(45778,108)
(16418,191)
(54354,187)
(34626,169)
(87554,153)
(48258,217)
(78370,182)
(5938,195)
(96722,131)
(16402,194)
(102338,168)
(52226,146)
(60930,170)
(72514,180)
(59074,229)
(5058,22)
(94930,38)
(78050,193)
(59970,182)
(77842,237)
(7282,84)
(23842,79)
(90754,20)
(57938,94)
(31714,24)
(84306,117)
(13938,238)
(130914,134)
(106674,111)
(138386,27)
(11986,31)
(130706,39)
(38690,229)
(108866,56)
(33106,105)
(48418,181)
(124626,146)
(46738,238)
(19186,146)
(74066,25)
(134706,230)
(112786,156)
(82498,121)
(42066,85)
(68178,218)
(49058,35)
(25602,235)
(60498,238)
(63698,223)
(100130,118)
(111490,218)
(11842,182)
(72018,230)
(80594,25)
(80370,128)
(83794,225)
(80066,182)
(125138,50)
(107970,229)
(71954,58)
(76962,96)
(9506,24)
(17330,60)
(60114,168)
(107730,239)
(128082,120)
(110354,194)
(2306,236)
(97026,128)
(8530,229)
(56594,230)
(92098,50)
(90546,239)
(7090,14)
(37266,106)
(117250,237)
(126322,96)
(133970,190)
(64450,190)
(48466,225)
(75074,75)
(26242,238)
(124450,14)
(100178,188)
(10034,13)
(96242,182)
(111410,230)
(51506,238)
(17586,237)
(76210,195)
(100338,84)
(55298,67)
(44354,178)
(95954,56)
(3794,229)
(129458,237)
(78114,226)
(117378,157)
(98978,214)
(12274,158)
(77618,157)
(94434,216)
(51890,218)
(110850,231)
(21986,236)
(63122,195)
(58002,158)
(27778,72)
(1538,69)
(88674,228)
(129058,50)
(1762,70)
(52898,168)
(68450,237)
(58242,15)
(95490,225)
(51298,51)
(78354,26)
(28914,103)
(6994,164)
(96370,72)
(132370,131)
(2210,111)
(47218,156)
(89762,236)
(95074,116)
(80754,84)
(25426,238)
(136450,226)
(98482,238)
(95122,167)
(117442,195)
(88194,75)
(48290,237)
(61378,182)
(24962,115)
(63506,177)
(51202,216)
(79394,238)
(110914,15)
(37506,61)
(46514,74)
(5154,133)
(30418,50)
(41554,121)
(37746,230)
(136642,68)
(98802,190)
(7186,86)
(72178,167)
(97858,12)
(81586,169)
(117970,231)
(133906,96)
(27202,204)
(35266,61)
(76050,14)
(78082,170)
(54946,182)
(80514,239)
(54226,47)
(120418,170)
(120482,129)
(131874,58)
(25170,82)
(77394,190)
(117938,85)
(119618,128)
(49202,146)
(41650,182)
(70514,56)
(74018,109)
(78610,223)
(75570,35)
(117794,236)
(34354,182)
(82802,145)
(133330,239)
(90434,231)
(88514,181)
(122834,212)
(79234,24)
(115314,153)
(133602,55)
(20930,129)
(31954,170)
(60258,121)
(72210,177)
(102178,75)
(30690,239)
(121842,85)
(25586,106)
(20738,239)
(22274,120)
(55330,217)
(22866,96)
(121554,60)
(138274,229)
(76258,237)
(9026,182)
(2914,98)
(80194,238)
(10274,163)
(89666,236)
(99874,117)
(107010,104)
(120354,98)
(32930,169)
(3314,168)
(54674,181)
(121634,120)
(66466,180)
(63986,236)
(52498,230)
(110258,79)
(118034,141)
(82578,103)
(2434,31)
(24514,14)
(54578,194)
(33138,226)
(84626,146)
(7026,195)
(70610,80)
(26354,237)
(82146,229)
(34002,238)
(103138,235)
(108146,158)
(76066,236)
(72930,141)
(4290,121)
(21010,61)
(11442,27)
(125714,127)
(123074,158)
(13858,236)
(20962,238)
(25250,74)
(37618,85)
(82866,20)
(34498,211)
(93890,239)
(134226,14)
(24322,134)
(18258,43)
(85394,183)
(64210,224)
(123554,74)
(72290,194)
(44802,239)
(121714,146)
(101106,237)
(121970,132)
(22418,228)
(136930,24)
(68738,159)
(71170,25)
(56754,132)
(108434,146)
(108514,239)
(17650,239)
(48194,25)
(29490,189)
(45938,237)
(130018,14)
(76370,99)
(111218,158)
(105410,60)
(49906,180)
(126594,239)
(113074,216)
(41282,49)
(84898,237)
(45394,71)
(20626,226)
(61442,27)
(90610,109)
(5842,177)
(93730,231)
(55666,214)
(42658,84)
(102546,24)
(66322,175)
(137634,180)
(15730,36)
(51906,238)
(78914,123)
(23554,230)
(42770,14)
(53026,146)
(31058,86)
(93570,49)
(15554,75)
(53730,229)
(102578,230)
(129010,195)
(94546,13)
(25986,236)
(25666,85)
(74802,237)
(103026,216)
(106978,237)
(73122,219)
(61026,37)
(22002,85)
(99266,217)
(15682,106)
(9538,223)
(10562,216)
(78594,91)
(84466,229)
(121922,84)
(95714,170)
(124850,129)
(91490,118)
(105586,104)
(47362,170)
(71890,193)
(73266,106)
(114386,110)
(26930,157)
(61346,164)
(88962,157)
(1074,93)
(42514,14)
(57890,109)
(137026,87)
(115666,213)
(9922,48)
(69906,189)
(137682,181)
(73954,36)
(111794,218)
(18274,238)
(58450,239)
(62290,98)
(90658,190)
(115362,106)
(25106,62)
(40178,50)
(13106,182)
(125298,73)
(119282,132)
(119170,181)
(85842,79)
(34146,194)
(70114,239)
(59346,32)
(105842,71)
(126882,47)
(13874,237)
(34994,105)
(124018,15)
(95986,191)
(121234,72)
(22546,119)
(64082,80)
(110386,133)
(43474,191)
(98242,14)
(44642,86)
(55234,127)
(62978,238)
(57618,224)
(91826,93)
(114194,139)
(66402,36)
(54322,79)
(38514,144)
(50914,85)
(72802,48)
(10130,23)
(83826,63)
(33730,133)
(124130,38)
(50706,182)
(24898,33)
(104770,84)
(87842,181)
(82818,170)
(12370,180)
(71730,216)
(112898,180)
(42850,74)
(4962,239)
(119474,229)
(42562,231)
(7250,24)
(59506,71)
(84674,31)
(99618,96)
(111298,60)
(95042,187)
(136114,86)
(116834,182)
(88002,216)
(76882,61)
(23506,121)
(86002,43)
(90274,182)
(127666,223)
(108402,158)
(63314,86)
(119218,181)
(42098,238)
(106514,32)
(49858,116)
(24530,67)
(126434,133)
(36914,44)
(136002,131)
(121378,145)
(46466,200)
(57858,163)
(132626,85)
(65698,237)
(73234,94)
(105154,228)
(72274,194)
(8690,230)
(100514,168)
(11202,195)
(27666,37)
(38034,97)
(3954,237)
(38434,130)
(125410,170)
(14210,130)
(132866,238)
(14802,37)
(54770,131)
(46210,231)
(94978,170)
(38018,38)
(50082,62)
(98178,79)
(99218,170)
(29090,230)
(57778,73)
(16834,238)
(8978,224)
(89602,156)
(40418,97)
(81154,181)
(116450,36)
(133282,216)
(27810,58)
(132466,178)
(100626,177)
(131202,24)
(10098,74)
(137778,44)
(36530,130)
(146,236)
(13138,228)
(77234,62)
(47426,84)
(91074,61)
(83858,228)
(11122,51)
(123762,170)
(1570,230)
(113106,237)
(17314,214)
(64930,170)
(132786,239)
(111138,237)
(40866,105)
(45138,224)
(8498,183)
(130770,181)
(47986,86)
(19330,191)
(68594,15)
(39250,12)
(5314,81)
(45250,120)
(67810,121)
(81522,154)
(18210,231)
(118626,73)
(97122,36)
(60914,26)
(81810,177)
(123218,156)
(15874,106)
(59442,134)
(122786,69)
(120226,225)
(82306,128)
(2882,224)
(100946,229)
(132274,204)
(129442,36)
(95906,194)
(108786,107)
(75154,127)
(23170,118)
(80114,120)
(59650,14)
(28562,226)
(49474,74)
(46130,223)
(103698,216)
(121346,168)
(40018,122)
(42738,27)
(15378,132)
(122434,58)
(103362,26)
(96498,158)
(30162,94)
(85346,134)
(12210,193)
(53490,109)
(24674,111)
(26962,26)
(13202,135)
(41218,74)
(69970,111)
(79810,92)
(32914,12)
(66882,231)
(91442,187)
(66594,43)
(104786,70)
(66642,93)
(41970,187)
(54626,183)
(74898,239)
(104274,238)
(112402,44)
(94722,103)
(48802,58)
(88850,97)
(119730,152)
(40610,60)
(103266,226)
(75042,190)
(4178,230)
(68370,139)
(34658,236)
(16306,214)
(92786,182)
(77538,226)
(121298,182)
(66514,215)
(84178,217)
(68386,239)
(100082,32)
(85890,72)
(53586,217)
(108994,154)
(14482,56)
(112706,191)
(86354,108)
(125570,14)
(37538,224)
(136466,212)
(24738,228)
(39314,25)
(93122,215)
(122178,120)
(137618,213)
(26466,130)
(106386,45)
(118482,48)
(105714,228)
(53794,188)
(14946,132)
(44738,158)
(69426,38)
(94850,239)
(43026,98)
(116114,110)
(98354,82)
(84162,236)
(111522,27)
(48066,238)
(9730,109)
(117346,152)
(78242,23)
(38754,236)
(12002,182)
(68194,143)
(17074,72)
(117506,225)
(119874,119)
(36866,85)
(50994,32)
(79906,230)
(55810,73)
(23730,236)
(16946,191)
(64018,229)
(69618,237)
(81394,139)
(11714,237)
(83730,237)
(20194,169)
(80738,85)
(71010,108)
(12434,230)
(124674,191)
(54530,128)
(90338,224)
(63218,91)
(86802,217)
(55874,194)
(124578,12)
(41682,48)
(44978,50)
(34818,153)
(130402,67)
(64226,238)
(36674,187)
(42786,238)
(37634,180)
(118994,14)
(37442,230)
(42882,110)
(118162,169)
(65650,224)
(95458,237)
(113794,131)
(17042,96)
(129298,84)
(113426,223)
(18514,24)
(2738,236)
(47666,122)
(14178,24)
(87986,44)
(88706,96)
(90066,182)
(122642,223)
(27586,180)
(133586,25)
(674,217)
(914,180)
(38738,182)
(85106,132)
(32018,226)
(14034,123)
(98722,194)
(136738,98)
(94994,228)
(105650,36)
(112098,228)
(108114,55)
(133762,60)
(65314,239)
(126146,152)
(119426,108)
(112482,145)
(2562,236)
(133458,228)
(98370,97)
(6482,178)
(118866,83)
(35602,24)
(70306,217)
(92930,134)
(57442,191)
(37762,12)
(8994,133)
(23074,109)
(27234,122)
(19234,225)
(47922,26)
(21410,144)
(74226,122)
(81378,193)
(109410,229)
(117490,225)
(126050,237)
(125218,231)
(44914,216)
(57346,189)
(4898,146)
(7794,115)
(74626,182)
(33058,132)
(49634,14)
(47794,230)
(132098,237)
(106098,228)
(110418,194)
(55906,238)
(54658,95)
(52338,122)
(130594,170)
(100562,118)
(35938,237)
(130642,229)
(117106,24)
(90290,127)
(107506,224)
(135986,82)
(27938,38)
(95538,190)
(34898,188)
(118546,228)
(89794,109)
(40306,45)
(96802,157)
(19538,140)
(136386,73)
(16210,224)
(92290,166)
(99202,99)
(43922,239)
(35842,214)
(83250,57)
(31106,120)
(112882,229)
(76354,96)
(93906,145)
(88754,15)
(2466,120)
(16226,188)
(5362,159)
(63890,229)
(104706,237)
(126274,80)
(108178,237)
(53986,239)
(108194,122)
(110162,13)
(61698,223)
(21666,84)
(96098,230)
(76946,177)
(2450,239)
(117330,94)
(11682,169)
(39202,218)
(93474,109)
(9186,73)
(92690,177)
(39282,193)
(87538,226)
(30930,223)
(39858,62)
(62898,188)
(100658,73)
(22082,105)
(117698,217)
(9378,121)
(91330,128)
(133058,26)
(87298,225)
(52274,34)
(68162,50)
(14018,39)
(41442,158)
(86034,145)
(135810,169)
(46930,21)
(76738,24)
(108882,187)
(91106,230)
(92866,195)
(24242,191)
(137954,134)
(68306,120)
(27330,219)
(40194,57)
(111666,122)
(67234,26)
(11778,94)
(75058,224)
(52514,57)
(105666,169)
(94482,103)
(114418,231)
(124050,171)
(10802,61)
(24482,86)
(24850,81)
(132162,154)
(63138,75)
(121266,79)
(18626,206)
(29010,216)
(128962,170)
(33298,56)
(129394,175)
(70898,236)
(39874,120)
(93298,121)
(54818,182)
(29858,163)
(116578,37)
(125170,72)
(11010,239)
(69202,214)
(94578,109)
(47730,182)
(15602,179)
(131394,83)
(62146,86)
(60354,109)
(115986,194)
(98402,231)
(137266,37)
(19122,228)
(83506,79)
(64658,182)
(67938,154)
(2834,95)
(1698,237)
(9202,95)
(12178,72)
(81298,238)
(22178,13)
(58562,81)
(106994,123)
(59266,216)
(55378,205)
(111842,50)
(36594,81)
(75186,170)
(52946,80)
(37874,127)
(51426,224)
(132642,68)
(88162,27)
(33122,237)
(130498,229)
(134482,108)
(108674,140)
(42818,85)
(53602,190)
(47522,163)
(98834,181)
(29698,120)
(63474,111)
(15058,231)
(134178,218)
(5218,230)
(69810,228)
(106178,178)
(46530,120)
(126034,81)
(125826,96)
(108498,20)
(69762,71)
(91298,229)
(131458,146)
(36850,56)
(47410,110)
(29218,95)
(41186,187)
(7010,176)
(132930,193)
(99730,223)
(126306,84)
(5010,218)
(77506,134)
(62946,62)
(5986,226)
(108370,68)
(105074,212)
(102914,146)
(128322,231)
(87714,229)
(64642,229)
(73874,155)
(39346,108)
(121282,207)
(50034,104)
(116946,194)
(83330,99)
(106466,236)
(62002,236)
(117746,121)
(97522,127)
(3074,193)
(75506,13)
(83042,212)
(77474,44)
(78626,237)
(66066,134)
(85122,202)
(126994,19)
(113202,191)
(11218,212)
(74786,182)
(30802,67)
(63090,188)
(101426,49)
(102530,122)
(9266,191)
(36978,146)
(119346,223)
(129410,228)
(79794,62)
(123410,236)
(51378,61)
(65522,15)
(82274,145)
(132546,223)
(4914,158)
(52450,51)
(50498,12)
(45970,108)
(108770,94)
(30626,31)
(76546,96)
(44306,181)
(86834,168)
(107522,169)
(78978,108)
(115186,239)
(54002,225)
(97186,14)
(7426,157)
(123266,195)
(76866,181)
(9986,158)
(92402,155)
(58898,25)
(87074,195)
(103074,237)
(14754,187)
(7458,157)
(59634,235)
(42178,85)
(5458,239)
(60146,154)
(122210,238)
(123314,193)
(101682,212)
(31986,151)
(95922,191)
(131842,97)
(58786,60)
(44066,108)
(134242,104)
(18930,214)
(114722,93)
(42482,231)
(112290,26)
(119234,123)
(3682,85)
(126370,217)
(7410,123)
(16530,140)
(88642,71)
(58466,168)
(136786,14)
(10290,195)
(114082,239)
(14866,120)
(122882,70)
(94914,62)
(122018,133)
(46706,236)
(34946,214)
(122690,212)
(134546,25)
(38482,87)
(60690,236)
(111282,231)
(25890,62)
(22658,13)
(25810,134)
(37938,225)
(70466,215)
(91538,229)
(112194,229)
(89330,35)
(121682,109)
(39746,182)
(43858,97)
(55426,237)
(26834,132)
(61794,115)
(128498,191)
(29730,225)
(118770,238)
(63042,74)
(107618,236)
(113138,195)
(90642,225)
(130242,50)
(33906,111)
(76786,146)
(78194,217)
(108226,58)
(109218,110)
(100098,129)
(123858,58)
(86450,121)
(124754,108)
(125778,131)
(35250,143)
(94034,238)
(103986,51)
(116370,182)
(119362,229)
(76658,177)
(100402,193)
(43314,15)
(6450,236)
(100738,71)
(3922,37)
(126450,228)
(30514,216)
(33682,223)
(39234,223)
(338,182)
(55778,118)
(99026,158)
(33554,133)
(38290,156)
(49010,239)
(116994,132)
(105106,141)
(106562,151)
(53666,132)
(22162,98)
(28818,180)
(42530,120)
(130578,223)
(67298,122)
(12882,116)
(17842,44)
(101778,12)
(103890,47)
(24802,19)
(834,170)
(132610,228)
(31042,87)
(104530,229)
(91666,81)
(12018,60)
(31298,32)
(66786,182)
(21458,235)
(67666,91)
(106434,229)
(60130,229)
(49106,48)
(100210,170)
(49538,187)
(44530,38)
(125458,72)
(34562,74)
(6674,62)
(125282,140)
(52466,43)
(128018,229)
(1186,239)
(4562,35)
(77314,123)
(57586,237)
(29426,178)
(89874,237)
(69106,48)
(87266,94)
(6306,95)
(120674,123)
(70242,92)
(111250,231)
(65330,44)
(16178,38)
(73970,72)
(73826,193)
(116162,237)
(5394,228)
(2578,38)
(37090,147)
(47394,111)
(74290,86)
(72034,218)
(85266,238)
(115778,50)
(12754,238)
(67074,74)
(136098,188)
(32418,164)
(100258,237)
(113026,158)
(82002,168)
(12194,179)
(69090,229)
(43906,105)
(129970,212)
(52882,94)
(90482,109)
(15794,239)
(122226,225)
(7074,24)
(13698,191)
(6898,225)
(85170,195)
(30402,237)
(21522,229)
(130338,180)
(6722,135)
(122658,86)
(65986,145)
(15778,98)
(46274,81)
(126866,228)
(71586,180)
(77266,59)
(42802,212)
(100466,237)
(133154,62)
(73522,50)
(123170,239)
(104146,238)
(70290,238)
(116434,134)
(99522,39)
(77602,239)
(75490,141)
(111010,187)
(119842,60)
(122738,226)
(98098,231)
(99698,12)
(56306,156)
(129154,87)
(119906,104)
(103650,35)
(40850,145)
(63522,50)
(112498,212)
(29026,231)
(40594,73)
(49778,231)
(17170,43)
(131314,74)
(2514,195)
(72594,135)
(136610,55)
(64306,169)
(60562,55)
(124194,206)
(20498,195)
(13730,130)
(103378,144)
(80770,182)
(113970,116)
(50674,134)
(15298,177)
(20034,236)
(20450,229)
(133682,36)
(120466,96)
(24066,139)
(96050,109)
(6258,73)
(80082,104)
(98786,86)
(135170,238)
(110546,59)
(50866,229)
(29522,118)
(128242,189)
(78290,63)
(100002,231)
(135922,176)
(106626,95)
(119026,156)
(113538,60)
(14066,72)
(23378,230)
(137922,62)
(32466,229)
(118914,19)
(83698,105)
(110146,191)
(118354,127)
(8658,156)
(32754,39)
(69890,33)
(87346,49)
(116658,110)
(38962,25)
(127362,230)
(8018,168)
(29042,204)
(81058,182)
(69586,237)
(10082,105)
(930,145)
(66978,190)
(18578,169)
(16962,177)
(133842,84)
(84882,73)
(133394,72)
(88098,225)
(15218,164)
(87762,231)
(85522,105)
(13410,179)
(103410,145)
(117026,179)
(43778,130)
(104738,57)
(53058,84)
(75586,109)
(130082,180)
(35714,72)
(21234,183)
(4802,111)
(71570,213)
(95330,135)
(75666,206)
(82562,97)
(86290,84)
(75810,25)
(82690,72)
(13842,36)
(79250,134)
(31426,157)
(62914,32)
(10434,212)
(84258,48)
(137058,193)
(37714,50)
(850,231)
(118114,225)
(135426,229)
(67714,109)
(99442,226)
(4786,98)
(126722,146)
(87378,237)
(109170,82)
(40066,72)
(16274,238)
(126018,194)
(17106,61)
(35522,24)
(37298,72)
(95394,80)
(30962,85)
(16322,156)
(2338,25)
(94786,170)
(106850,239)
(6658,229)
(50450,97)
(128434,142)
(132658,80)
(81458,51)
(41330,187)
(36930,110)
(35970,95)
(97090,153)
(118594,134)
(133874,37)
(63634,230)
(40530,182)
(89506,228)
(35378,109)
(39394,237)
(18450,182)
(98210,43)
(127346,216)
(104370,38)
(43570,238)
(35554,83)
(108834,56)
(102306,223)
(72450,26)
(9362,107)
(133730,236)
(122610,129)
(81666,169)
(7506,195)
(45442,117)
(111986,237)
(51106,95)
(110034,119)
(16594,171)
(7698,195)
(14738,223)
(103570,129)
(90306,179)
(31906,60)
(72354,98)
(103202,236)
(9346,81)
(8210,231)
(91458,237)
(99826,15)
(108066,228)
(54130,141)
(3394,182)
(49954,224)
(59378,133)
(97362,151)
(109266,212)
(102146,216)
(111058,154)
(97650,191)
(29474,49)
(45170,182)
(41842,49)
(89074,200)
(52402,239)
(138402,229)
(91410,132)
(7378,95)
(39266,133)
(122338,218)
(94802,36)
(50386,72)
(88018,182)
(111938,223)
(51970,109)
(95218,72)
(15586,144)
(35634,158)
(80626,67)
(71026,60)
(93522,229)
(91922,229)
(92642,23)
(98082,127)
(48930,103)
(28546,121)
(27698,132)
(72770,189)
(108418,120)
(73938,120)
(134658,109)
(116210,86)
(130834,133)
(58066,236)
(75858,72)
(85074,239)
(56610,128)
(2386,224)
(138242,237)
(91218,187)
(132242,218)
(95234,213)
(57218,50)
(29074,187)
(71922,235)
(19602,99)
(89122,194)
(80978,120)
(9218,84)
(88290,158)
(92770,130)
(48130,115)
(68242,144)
(31826,156)
(1794,159)
(76098,238)
(104498,159)
(39138,230)
(107234,103)
(62066,50)
(97490,218)
(115618,21)
(111682,13)
(113282,118)
(122050,79)
(29298,169)
(65906,122)
(108546,56)
(112818,23)
(129602,182)
(134130,224)
(86530,195)
(109922,155)
(88498,181)
(125618,34)
(75138,155)
(66114,120)
(78546,183)
(41794,216)
(93266,45)
(114818,144)
(35346,239)
(86050,218)
(57570,226)
(64786,46)
(107698,217)
(70418,188)
(64274,55)
(68706,193)
(81410,180)
(127810,235)
(90242,33)
(67538,97)
(48754,122)
(86690,110)
(128818,163)
(3250,183)
(115522,157)
(30098,216)
(92130,236)
(52770,135)
(109282,230)
(14546,135)
(40274,235)
(1890,118)
(43394,50)
(20386,223)
(80962,91)
(79826,226)
(81618,236)
(82290,183)
(96994,47)
(102322,190)
(2898,44)
(114514,26)
(2114,121)
(46098,159)
(35618,237)
(66242,35)
(51730,26)
(60066,194)
(21042,183)
(67922,229)
(119538,97)
(10194,133)
(70130,175)
(85202,130)
(57970,26)
(53042,189)
(11394,93)
(68274,170)
(5474,56)
(131858,47)
(35090,97)
(113474,110)
(26818,132)
(96146,228)
(47058,205)
(72498,158)
(6050,212)
(26178,120)
(130658,130)
(48322,225)
(121986,144)
(85378,48)
(60882,106)
(97634,151)
(103874,104)
(18658,226)
(42034,177)
(95314,228)
(28834,218)
(33778,26)
(33714,47)
(61090,92)
(34642,74)
(138370,229)
(115330,140)
(14994,128)
(6402,25)
(64354,182)
(74322,85)
(4738,164)
(63394,122)
(32290,62)
(19378,230)
(55474,134)
(78946,212)
(101842,237)
(115730,56)
(21362,190)
(52066,239)
(131890,226)
(102994,68)
(45522,224)
(54898,158)
(41378,194)
(82322,216)
(23442,195)
(66962,146)
(98434,122)
(112738,99)
(68786,120)
(20978,127)
(134994,238)
(61778,214)
(36482,48)
(41394,212)
(134114,190)
(119122,183)
(89314,223)
(122146,195)
(47586,231)
(24210,130)
(63794,237)
(53234,156)
(87122,238)
(18002,61)
(35074,84)
(54018,159)
(53762,168)
(84850,120)
(60706,217)
(59666,218)
(91378,152)
(49362,177)
(68834,87)
(134306,229)
(8882,154)
(70050,139)
(72322,24)
(82546,229)
(26066,228)
(45090,49)
(109090,44)
(138018,193)
(22402,230)
(36066,217)
(55442,57)
(93250,238)
(94178,75)
(8946,171)
(47778,226)
(45330,226)
(25506,158)
(131794,60)
(49874,103)
(57282,56)
(11586,74)
(32610,178)
(50754,86)
(20274,181)
(60610,154)
(99234,168)
(46242,36)
(40546,157)
(4722,218)
(72050,204)
(10450,127)
(83346,108)
(4882,80)
(106930,70)
(45762,194)
(14370,72)
(61602,120)
(65810,170)
(126946,72)
(72706,183)
(127378,187)
(129138,120)
(119330,108)
(132850,145)
(123570,217)
(82626,127)
(19346,194)
(98,26)
(42290,109)
(49986,48)
(56546,34)
(128722,158)
(109490,170)
(17490,231)
(61746,61)
(67170,237)
(7442,121)
(97410,31)
(135730,224)
(71202,182)
(81858,56)
(131426,122)
(43826,238)
(68050,170)
(64626,239)
(14978,50)
(34338,225)
(100834,169)
(82594,127)
(21250,131)
(36114,194)
(52578,37)
(63074,97)
(63570,80)
(102194,61)
(12146,154)
(64562,216)
(114802,182)
(71826,73)
(121570,238)
(128866,182)
(90050,212)
(54594,130)
(27154,145)
(57826,229)
(40130,187)
(8962,212)
(113170,48)
(41858,225)
(62258,97)
(96850,135)
(131970,225)
(124354,48)
(2130,228)
(24114,168)
(108722,82)
(5042,50)
(49218,74)
(131986,62)
(48306,34)
(14146,144)
(127970,128)
(90514,106)
(92482,179)
(96690,122)
(79762,45)
(68690,177)
(134802,121)
(4386,120)
(57634,229)
(32994,158)
(50114,194)
(20130,132)
(78882,188)
(22690,236)
(95938,108)
(114274,164)
(64754,79)
(50514,204)
(136962,62)
(33890,37)
(90818,239)
(119298,223)
(132498,116)
(66434,133)
(14274,25)
(54450,191)
(92834,105)
(96034,225)
(30386,205)
(86258,236)
(84530,12)
(64194,211)
(90914,12)
(103506,33)
(74242,183)
(7682,12)
(67762,238)
(88930,79)
(64546,39)
(9714,238)
(52018,230)
(123426,57)
(40450,191)
(105474,191)
(94146,72)
(43202,183)
(90978,165)
(128386,177)
(32546,169)
(95602,156)
(91122,156)
(24130,122)
(11154,237)
(25570,43)
(99634,36)
(101714,143)
(81426,143)
(77586,74)
(3890,214)
(21106,110)
(107362,180)
(16818,38)
(13250,191)
(67106,215)
(107746,98)
(9058,127)
(45218,146)
(117778,229)
(135442,158)
(17762,179)
(22786,237)
(73586,95)
(23058,177)
(72578,61)
(86274,164)
(74178,129)
(119378,239)
(86482,13)
(133954,121)
(74530,43)
(9042,130)
(75170,104)
(29506,146)
(88034,223)
(92722,229)
(44018,130)
(49234,177)
(26482,230)
(85362,180)
(137090,237)
(131602,13)
(138050,51)
(7874,145)
(25842,85)
(46450,236)
(6578,135)
(24722,43)
(11346,56)
(72546,195)
(79538,235)
(101570,228)
(40802,24)
(60962,43)
(92514,121)
(101346,238)
(107810,118)
(89138,133)
(123026,13)
(70834,87)
(120402,143)
(105554,47)
(101666,86)
(108562,14)
(118082,127)
(12386,36)
(124594,217)
(66418,238)
(562,120)
(101762,70)
(108210,204)
(77826,99)
(29874,183)
(100674,49)
(49890,236)
(99106,121)
(107890,237)
(82722,70)
(43554,226)
(108610,123)
(34754,180)
(11922,238)
(123666,237)
(27458,229)
(48978,122)
(32786,237)
(24978,37)
(27570,224)
(82514,93)
(96946,163)
(72818,239)
(125106,187)
(6546,237)
(22562,181)
(74034,14)
(77970,158)
(7810,99)
(128914,94)
(12034,58)
(30946,95)
(117410,192)
(54722,48)
(125634,212)
(129794,133)
(131442,106)
(106162,216)
(109298,91)
(124690,122)
(86962,228)
(39058,108)
(17202,38)
(30306,121)
(65426,97)
(124002,69)
(47682,26)
(82082,188)
(111538,229)
(92450,168)
(132514,190)
(83106,164)
(105874,115)
(66386,189)
(55954,25)
(58882,226)
(47266,193)
(58178,239)
(76402,14)
(134034,107)
(116706,104)
(69234,25)
(59154,152)
(131474,133)
(75026,94)
(93970,239)
(2066,236)
(40754,145)
(114210,156)
(96162,229)
(96882,224)
(99714,133)
(122802,39)
(32210,237)
(110482,97)
(124178,133)
(36562,157)
(100898,169)
(14658,224)
(65202,170)
(137106,21)
(36306,19)
(103346,120)
(105026,216)
(27346,195)
(46850,46)
(71250,60)
(17122,63)
(36322,14)
(95586,237)
(135202,182)
(22642,35)
(16002,98)
(25218,130)
(88146,189)
(104722,195)
(126626,46)
(106786,181)
(49250,49)
(78178,236)
(114610,230)
(132594,79)
(109746,73)
(56850,71)
(72418,231)
(19794,230)
(66162,133)
(99458,180)
(79026,239)
(38194,22)
(50098,132)
(34258,171)
(8578,223)
(86930,218)
(79362,115)
(29314,24)
(124082,169)
(107426,237)
(54738,175)
(128706,108)
(97890,61)
(26338,239)
(112354,61)
(40642,96)
(20770,133)
(4146,75)
(81538,187)
(21346,49)
(105186,239)
(136274,195)
(135762,237)
(31586,55)
(67602,71)
(17922,145)
(80354,194)
(89170,230)
(63810,223)
(109314,72)
(81906,195)
(116034,147)
(42386,239)
(57538,195)
(5778,180)
(23810,217)
(37826,176)
(53122,106)
(117458,176)
(882,189)
(51010,61)
(136898,144)
(94866,72)
(96674,144)
(29970,229)
(8930,238)
(98034,229)
(56338,238)
(102818,132)
(126706,120)
(113378,225)
(59538,122)
(43282,225)
(30994,120)
(69698,72)
(97698,60)
(18786,116)
(44962,238)
(109202,108)
(8098,60)
(77698,156)
(124290,74)
(55010,135)
(35410,171)
(138258,223)
(91906,180)
(62130,195)
(126290,188)
(11026,176)
(32690,147)
(59618,231)
(52178,110)
(107314,181)
(61666,133)
(8082,83)
(4690,178)
(50290,139)
(37154,195)
(39570,60)
(30082,170)
(108946,169)
(57074,14)
(122290,237)
(71746,12)
(44578,85)
(97842,182)
(103314,230)
(43346,120)
(137394,235)
(105698,47)
(56002,231)
(114178,229)
(41522,183)
(107042,238)
(125346,93)
(102706,96)
(112258,98)
(128578,187)
(1458,120)
(45410,25)
(29954,121)
(26274,109)
(50738,168)
(131170,215)
(108322,225)
(77554,191)
(65778,55)
(78146,238)
(36194,73)
(65154,205)
(26514,195)
(106690,217)
(81122,61)
(7746,218)
(131186,230)
(88226,55)
(16290,228)
(48834,237)
(24914,67)
(27986,181)
(125442,36)
(94962,36)
(92978,226)
(97458,237)
(113730,61)
(14114,86)
(131330,206)
(23490,44)
(66818,239)
(123122,120)
(93346,180)
(76002,239)
(117666,118)
(13634,236)
(87506,140)
(17794,169)
(124482,67)
(130514,195)
(132882,85)
(68226,35)
(108002,120)
(8562,206)
(27970,182)
(66738,131)
(54162,26)
(102402,239)
(32130,195)
(29586,218)
(92338,239)
(128130,94)
(12402,67)
(135554,116)
(13794,194)
(85922,177)
(7122,133)
(80242,50)
(101154,154)
(12914,62)
(47490,21)
(21202,212)
(71810,239)
(116786,36)
(121858,188)
(17346,127)
(129122,110)
(76034,33)
(94466,239)
(127890,37)
(30850,231)
(103746,216)
(4018,191)
(104018,14)
(115794,228)
(99282,133)
(127298,20)
(119074,108)
(130002,228)
(93506,225)
(132706,96)
(25074,23)
(107874,109)
(96066,195)
(62114,170)
(13122,25)
(22018,194)
(33762,50)
(88466,231)
(36290,181)
(91858,79)
(21858,218)
(106770,182)
(60786,237)
(17890,182)
(63762,85)
(2850,178)
(61490,158)
(115762,26)
(9570,62)
(32242,193)
(11554,218)
(91026,238)
(45266,237)
(42898,188)
(122370,165)
(16642,163)
(48626,238)
(117858,103)
(88482,171)
(117314,130)
(97794,152)
(12786,214)
(21538,81)
(66866,165)
(55794,51)
(133234,216)
(73058,98)
(90594,215)
(80530,154)
(11170,39)
(5554,50)
(13042,225)
(88130,132)
(13666,24)
(27954,144)
(107570,35)
(10530,134)
(35922,110)
(123618,105)
(62786,239)
(7234,82)
(47714,110)
(135314,12)
(23618,215)
(71058,206)
(45890,239)
(131250,38)
(10786,79)
(27522,236)
(108706,39)
(9858,181)
(85602,236)
(81042,36)
(102482,95)
(48594,238)
(67378,188)
(84114,230)
(130754,129)
(11234,239)
(113522,183)
(109650,134)
(4674,182)
(81842,228)
(4418,238)
(17858,229)
(128178,223)
(83810,79)
(111458,151)
(112338,121)
(69122,205)
(27378,31)
(136226,211)
(90146,226)
(39810,39)
(92754,219)
(128482,182)
(115458,230)
(50562,144)
(67570,182)
(44658,193)
(31458,14)
(18146,169)
(38050,183)
(38674,229)
(79122,83)
(57250,84)
(76770,177)
(79058,25)
(62578,38)
(64290,20)
(132898,128)
(132226,226)
(105426,103)
(80386,103)
(89778,61)
(94306,86)
(5282,237)
(109810,97)
(119186,231)
(12418,205)
(72002,58)
(47282,166)
(83202,79)
(12162,117)
(64050,229)
(38530,170)
(15618,216)
(68882,212)
(75394,181)
(28786,96)
(94258,128)
(34,216)
(115010,60)
(138178,239)
(36770,63)
(91730,239)
(127682,60)
(14258,79)
(99490,120)
(41410,158)
(130722,182)
(137410,122)
(14098,12)
(105730,50)
(94354,216)
(5234,123)
(20882,92)
(83938,63)
(50338,237)
(28034,153)
(24258,177)
(133890,129)
(67970,50)
(81090,145)
(44610,98)
(75826,228)
(16370,79)
(39922,180)
(118418,84)
(126466,239)
(88114,55)
(120562,216)
(8258,131)
(49154,238)
(126194,229)
(111970,43)
(17538,73)
(28418,225)
(119858,182)
(125938,127)
(113698,81)
(60658,140)
(44626,225)
(129026,228)
(9314,48)
(38274,36)
(94498,120)
(124210,63)
(112034,130)
(117986,195)
(56578,194)
(58290,190)
(100930,229)
(35106,81)
(19506,45)
(68610,180)
(124226,238)
(38386,37)
(135778,239)
(72402,143)
(86146,94)
(18114,238)
(18498,110)
(83058,163)
(56242,231)
(80898,169)
(27410,180)
(107058,12)
(79842,60)
(65666,69)
(56642,169)
(33458,228)
(47954,169)
(86578,130)
(290,145)
(15426,194)
(13458,226)
(28754,195)
(44786,19)
(49074,81)
(88530,32)
(95442,120)
(84642,228)
(818,231)
(53650,115)
(77570,193)
(68338,49)
(125554,194)
(89826,91)
(130258,120)
(78466,237)
(22482,93)
(39714,68)
(99394,133)
(41810,179)
(103762,157)
(56178,107)
(1170,216)
(137138,231)
(117122,87)
(70498,79)
(132290,118)
(90370,238)
(100114,132)
(27682,55)
(43218,115)
(9842,82)
(6354,238)
(19090,194)
(27026,84)
(18882,74)
(77042,118)
(30242,130)
(90034,50)
(25522,238)
(111858,223)
(73330,177)
(39042,170)
(125810,44)
(77250,145)
(31410,194)
(134354,239)
(20354,213)
(104642,59)
(23314,49)
(50530,96)
(60626,85)
(99186,68)
(112306,182)
(43010,238)
(23186,236)
(138034,36)
(63490,228)
(49138,26)
(5250,146)
(530,193)
(62930,26)
(70386,73)
(4930,237)
(64434,109)
(133538,131)
(51522,50)
(96978,193)
(100866,110)
(134610,238)
(105122,230)
(11570,70)
(4434,225)
(85058,228)
(105778,14)
(71298,182)
(13906,218)
(30226,236)
(85506,74)
(62706,170)
(3170,147)
(194,118)
(12722,214)
(33170,230)
(55170,228)
(57170,81)
(113490,134)
(66290,237)
(47090,182)
(137170,61)
(35650,239)
(95618,237)
(69042,218)
(92162,239)
(27922,14)
(84194,228)
(49698,215)
(96930,26)
(135490,85)
(124402,123)
(118930,205)
(18770,129)
(69778,116)
(86898,182)
(111506,195)
(22914,169)
(126130,235)
(8290,169)
(98130,223)
(98738,48)
(71682,98)
(113314,63)
(51122,24)
(72946,170)
(79618,224)
(99890,74)
(94898,127)
(22834,99)
(58482,105)
(18818,19)
(122386,217)
(19458,231)
(50194,193)
(13474,15)
(16354,225)
(35010,104)
(105906,60)
(106722,217)
(54914,70)
(2642,44)
(101170,164)
(130066,239)
(16578,218)
(27298,239)
(47346,132)
(101138,229)
(130850,218)
(57298,191)
(4482,169)
(82674,236)
(77522,48)
(60402,229)
(28082,224)
(29202,183)
(103778,69)
(102434,97)
(109826,127)
(55458,237)
(62194,207)
(31362,85)
(76322,170)
(31810,188)
(110610,239)
(113090,50)
(60850,84)
(81202,24)
(35762,118)
(105090,109)
(11794,74)
(16450,21)
(6914,134)
(33698,238)
(49042,231)
(19842,69)
(38450,109)
(92610,182)
(93538,165)
(104658,132)
(77410,96)
(101602,228)
(126098,50)
(50626,127)
(85586,121)
(136706,226)
(62050,34)
(96514,141)
(54050,130)
(82754,225)
(99090,193)
(48018,231)
(125922,140)
(91090,238)
(101618,23)
(34418,224)
(73634,47)
(40690,115)
(66306,73)
(129746,15)
(87426,181)
(107954,123)
(7490,169)
(103810,24)
(91522,22)
(124066,229)
(75986,58)
(23794,109)
(56114,167)
(84818,237)
(13522,59)
(66226,130)
(55570,223)
(97378,73)
(33266,193)
(107634,230)
(129330,158)
(15858,189)
(134066,133)
(70674,49)
(48994,237)
(33394,191)
(124706,154)
(29922,13)
(23762,38)
(26306,98)
(104130,190)
(65010,62)
(104194,85)
(54562,110)
(55106,12)
(59474,170)
(119554,86)
(690,156)
(48002,99)
(97170,13)
(97714,157)
(113410,34)
(134194,106)
(67346,72)
(2,182)
(20338,97)
(6978,104)
(64146,193)
(42434,182)
(122130,235)
(117170,155)
(105682,181)
(121202,190)
(52738,122)
(135042,194)
(946,214)
(30034,158)
(85682,39)
(89474,181)
(98866,230)
(114946,181)
(34962,223)
(79746,120)
(56098,238)
(32258,86)
(75938,24)
(82658,73)
(118290,217)
(64338,190)
(114930,92)
(46834,171)
(80130,239)
(48034,195)
(60754,147)
(136834,182)
(4114,183)
(46578,230)
(53746,178)
(55186,105)
(121426,109)
(2082,133)
(121506,110)
(58226,104)
(111826,91)
(125154,145)
(132818,63)
(102386,98)
(39602,83)
(18594,230)
(8338,239)
(17410,236)
(19410,170)
(22722,94)
(126850,39)
(45794,99)
(102498,168)
(120882,214)
(135954,85)
(5682,132)
(93362,231)
(102098,86)
(78338,237)
(88210,193)
(136146,187)
(8610,123)
(36514,175)
(89842,238)
(68354,192)
(127010,236)
(111026,55)
(26034,32)
(22354,195)
(38770,165)
(38226,60)
(13010,170)
(5538,217)
(46066,71)
(67394,195)
(103058,237)
(94066,96)
(103442,36)
(36946,48)
(105250,239)
(17618,235)
(54306,188)
(110306,235)
(45954,180)
(59058,237)
(53906,146)
(57714,195)
(92066,151)
(125522,85)
(105794,44)
(113602,238)
(20946,194)
(128034,25)
(514,164)
(77906,190)
(72962,45)
(34178,15)
(117522,147)
(120690,43)
(102786,229)
(116562,191)
(19058,62)
(44466,142)
(60002,156)
(75730,163)
(28258,105)
(93778,110)
(13586,81)
(21778,157)
(18130,36)
(100242,119)
(137602,177)
(105010,236)
(62674,178)
(65058,79)
(20066,74)
(123746,128)
(20690,238)
(64530,86)
(110322,116)
(55538,36)
(126530,229)
(90946,165)
(100994,134)
(57186,216)
(46818,153)
(59746,178)
(116610,235)
(69746,38)
(132114,60)
(13714,237)
(43442,75)
(116962,123)
(129346,239)
(20322,38)
(71362,94)
(104178,25)
(626,91)
(62082,180)
(70706,20)
(69602,31)
(46146,239)
(55266,212)
(67858,216)
(20610,132)
(5266,229)
(46786,224)
(9746,163)
(45154,139)
(111762,144)
(66130,170)
(92178,61)
(12082,229)
(115954,82)
(114098,132)
(100290,106)
(97154,83)
(99138,115)
(36706,182)
(130418,43)
(66658,229)
(90930,73)
(78498,121)
(31218,216)
(113218,159)
(67282,95)
(95666,34)
(127058,63)
(40786,56)
(85282,230)
(136242,238)
(55986,146)
(2610,104)
(37026,13)
(118498,130)
(89746,79)
(95474,131)
(126162,169)
(76514,73)
(2786,83)
(45378,104)
(98466,74)
(85954,226)
(9554,216)
(102066,228)
(127778,21)
(107602,193)
(8194,83)
(29618,177)
(23026,47)
(77634,239)
(38306,230)
(95378,216)
(34914,239)
(30578,73)
(57026,98)
(45074,229)
(75538,35)
(11410,97)
(108098,127)
(73554,182)
(85330,109)
(133442,144)
(39682,229)
(57138,237)
(23826,156)
(68114,63)
(68658,13)
(29666,94)
(49666,80)
(23634,110)
(5490,192)
(78418,170)
(96002,135)
(120930,191)
(128930,238)
(75682,206)
(102274,47)
(69490,24)
(59234,238)
(107346,218)
(118834,50)
(82130,236)
(32946,182)
(73986,195)
(123954,106)
(136674,146)
(42114,238)
(43362,85)
(69346,158)
(35122,239)
(28722,97)
(28370,230)
(111234,63)
(69410,74)
(137826,127)
(86098,228)
(44418,190)
(73698,239)
(29794,216)
(92018,33)
(81234,238)
(130450,130)
(3042,216)
(105506,14)
(95282,33)
(116338,183)
(100386,58)
(8722,216)
(100530,127)
(121826,236)
(118690,180)
(135122,110)
(101746,228)
(10962,127)
(122562,236)
(81826,110)
(133938,15)
(115538,216)
(59554,145)
(93826,117)
(46642,218)
(63778,225)
(100722,92)
(46226,229)
(130962,21)
(54242,44)
(4066,15)
(73538,235)
(15954,141)
(57922,98)
(97970,79)
(54850,224)
(103954,188)
(23698,157)
(70786,130)
(45186,95)
(113442,121)
(135538,193)
(6034,59)
(129922,229)
(14674,86)
(62722,195)
(112450,182)
(2866,182)
(48146,238)
(97810,229)
(21762,103)
(47314,230)
(48562,194)
(113570,195)
(106066,35)
(136066,231)
(110722,226)
(102210,106)
(14850,229)
(86914,228)
(5906,228)
(37106,180)
(7106,120)
(79730,195)
(98050,218)
(138082,204)
(27218,180)
(57794,156)
(84066,158)
(105954,168)
(85186,109)
(131266,51)
(101922,238)
(132050,182)
(80098,144)
(16082,182)
(82162,169)
(85634,193)
(123730,188)
(136370,180)
(81874,121)
(21426,106)
(22754,74)
(89410,62)
(62482,131)
(16466,171)
(83986,179)
(124818,193)
(66354,72)
(36034,122)
(41010,223)
(116130,229)
(121122,191)
(2162,238)
(101474,171)
(54194,109)
(101522,45)
(130306,157)
(13026,237)
(82834,225)
(5762,228)
(83010,224)
(84658,170)
(70338,139)
(122194,179)
(137234,44)
(39826,121)
(67154,177)
(52130,39)
(116546,43)
(117634,218)
(36130,135)
(11106,155)
(112386,144)
(119890,145)
(114322,164)
(25154,81)
(46962,139)
(9474,63)
(44898,120)
(87730,170)
(75522,230)
(59890,168)
(88626,181)
(6946,58)
(18242,237)
(3138,225)
(33954,134)
(105634,217)
(74930,229)
(117074,37)
(65602,228)
(11362,50)
(111698,177)
(3106,37)
(74354,31)
(16562,238)
(56194,13)
(84290,79)
(118706,86)
(47650,121)
(77890,106)
(87634,191)
(118130,228)
(66562,91)
(82850,217)
(84098,193)
(131058,44)
(121106,141)
(26434,228)
(40146,237)
(70626,71)
(137794,169)
(50898,50)
(78066,24)
(42082,145)
(72626,49)
(19266,182)
(83682,195)
(133362,129)
(68866,60)
(8450,182)
(87938,141)
(111170,19)
(18834,180)
(6226,156)
(33186,51)
(109666,181)
(101538,226)
(121058,238)
(119666,49)
(86386,121)
(25314,12)
(29986,178)
(53442,62)
(6274,223)
(125186,111)
(39666,39)
(40050,147)
(87650,140)
(120578,189)
(102290,73)
(56162,169)
(122898,175)
(73298,22)
(120914,231)
(127154,72)
(61106,229)
(30194,24)
(122242,193)
(20594,182)
(119826,230)
(117714,168)
(5970,129)
(112658,157)
(38354,33)
(42418,182)
(2226,194)
(3506,237)
(60834,26)
(68098,195)
(88066,237)
(109794,216)
(108802,217)
(6114,86)
(135522,49)
(55138,231)
(71122,145)
(124338,190)
(126546,178)
(67186,15)
(83186,235)
(135330,236)
(61762,108)
(93202,93)
(59410,121)
(1810,49)
(75890,84)
(122402,163)
(1474,238)
(26082,95)
(121330,230)
(86850,225)
(546,131)
(1650,61)
(42642,228)
(24434,50)
(123890,119)
(9298,121)
(75298,122)
(135970,187)
(80258,27)
(55618,26)
(16690,218)
(70098,144)
(17810,171)
(108578,159)
(30898,166)
(56530,12)
(32882,238)
(112018,229)
(26322,236)
(112578,105)
(26114,168)
(21890,68)
(48690,195)
(81922,47)
(70994,216)
(8626,86)
(43874,183)
(25282,171)
(68978,61)
(76850,239)
(31266,217)
(113506,170)
(58818,229)
(41138,168)
(63746,158)
(119010,120)
(96114,194)
(103042,225)
(66050,217)
(109938,121)
(137890,239)
(28962,230)
(125698,132)
(78402,120)
(98674,48)
(7762,59)
(79938,179)
(87778,14)
(91362,14)
(127874,212)
(112690,236)
(106754,225)
(115266,106)
(39634,226)
(9010,230)
(59314,236)
(35442,180)
(98658,63)
(58114,177)
(42594,182)
(101282,62)
(62402,229)
(104802,226)
(123986,229)
(118562,237)
(134914,236)
(15154,144)
(58610,224)
(114770,56)
(39378,24)
(85298,182)
(126738,169)
(1506,191)
(54370,144)
(95730,12)
(24034,35)
(102050,156)
(102898,228)
(44674,98)
(40498,116)
(27266,235)
(133810,94)
(127602,166)
(40818,74)
(6514,97)
(112322,86)
(138306,170)
(127202,229)
(103170,207)
(52034,170)
(122034,228)
(36690,132)
(61922,61)
(133922,195)
(14786,230)
(102514,109)
(82642,62)
(120770,37)
(17602,61)
(88594,231)
(56146,115)
(66530,25)
(49458,22)
(129698,45)
(94018,216)
(138210,180)
(135378,62)
(7538,229)
(92194,187)
(110210,105)
(96386,73)
(6162,50)
(38578,214)
(27714,230)
(65122,32)
(127042,239)
(67474,104)
(77682,85)
(99426,212)
(116466,129)
(78258,231)
(115138,122)
(36370,122)
(75458,123)
(104034,179)
(120034,218)
(90162,159)
(125010,14)
(79346,60)
(94226,191)
(123586,23)
(98274,47)
(41170,239)
(134578,107)
(43106,164)
(85874,170)
(107858,193)
(132306,191)
(89186,69)
(13954,177)
(29266,14)
(121170,224)
(132962,230)
(93874,177)
(66610,104)
(129554,226)
(66946,26)
(108274,168)
(127394,235)
(20818,44)
(61362,229)
(115586,121)
(69250,187)
(107074,109)
(77154,45)
(13394,128)
(117362,165)
(20226,218)
(38850,166)
(111154,175)
(59874,239)
(7730,217)
(86162,177)
(17218,122)
(15314,98)
(129986,239)
(55602,191)
(124514,72)
(79378,214)
(5666,55)
(70962,109)
(57666,168)
(77282,230)
(33362,189)
(133858,224)
(48546,170)
(65634,182)
(15474,24)
