(384,147)
(9200,170)
(116688,216)
(32432,229)
(31760,60)
(47376,181)
(23776,212)
(58592,215)
(70640,75)
(82512,71)
(135632,158)
(105040,27)
(29856,122)
(88400,122)
(15392,238)
(103184,86)
(104400,165)
(55024,195)
(75664,230)
(17248,164)
(15120,69)
(31024,228)
(4992,134)
(111440,129)
(83440,44)
(66368,86)
(127472,144)
(58880,135)
(124112,213)
(4224,94)
(7456,69)
(85152,91)
(23408,236)
(90240,144)
(107728,181)
(135712,48)
(14144,231)
(82272,223)
(61088,213)
(81360,120)
(112640,49)
(11552,120)
(19216,190)
(68672,231)
(12608,176)
(135872,237)
(133328,230)
(57616,98)
(11904,229)
(37456,211)
(133536,195)
(2192,109)
(56944,86)
(69776,47)
(131344,80)
(5632,87)
(62064,239)
(120896,229)
(28704,121)
(126896,107)
(7856,230)
(84944,229)
(71408,134)
(68592,218)
(124224,145)
(28448,26)
(85712,223)
(5648,50)
(128144,216)
(54992,183)
(78224,86)
(137184,50)
(8656,107)
(33168,86)
(37232,182)
(15040,134)
(26928,175)
(50560,158)
(86816,181)
(78416,228)
(128464,134)
(51248,26)
(22048,120)
(72320,97)
(136528,230)
(42256,92)
(20096,116)
(74768,91)
(83616,132)
(70352,193)
(19920,195)
(65008,170)
(38160,39)
(115856,33)
(127728,87)
(30496,169)
(126752,225)
(134208,238)
(68736,239)
(76448,68)
(39984,44)
(29456,231)
(81632,132)
(15056,175)
(79568,168)
(107392,216)
(130272,157)
(113312,105)
(5920,84)
(128416,118)
(83504,129)
(110976,231)
(134608,239)
(94208,170)
(4688,225)
(49200,225)
(42416,14)
(8048,123)
(3488,38)
(8512,193)
(60656,218)
(67024,235)
(18176,179)
(123760,116)
(56544,26)
(105856,48)
(37904,95)
(66816,195)
(36512,237)
(43456,235)
(63424,181)
(117312,146)
(99504,26)
(80496,212)
(127248,98)
(37600,60)
(113200,33)
(82624,85)
(109552,230)
(78560,85)
(27360,223)
(123552,63)
(5184,239)
(4016,109)
(4672,61)
(51072,110)
(92672,116)
(132368,60)
(12992,14)
(51280,235)
(72864,121)
(56352,115)
(66960,181)
(129280,111)
(23312,169)
(24784,183)
(126448,230)
(115920,13)
(128304,194)
(69184,182)
(14640,190)
(97616,37)
(106912,180)
(105808,145)
(75232,121)
(72752,12)
(138032,61)
(75392,50)
(116976,158)
(46448,121)
(34176,109)
(72592,12)
(31120,181)
(104656,141)
(58256,238)
(74048,74)
(65456,60)
(83360,84)
(11536,24)
(101104,229)
(34208,24)
(87872,218)
(116192,239)
(117088,223)
(110096,74)
(118240,230)
(8896,225)
(27056,237)
(30608,84)
(6096,121)
(119920,181)
(120464,25)
(118208,158)
(44416,93)
(78400,190)
(67680,103)
(109136,79)
(98512,91)
(64096,182)
(111504,239)
(86896,27)
(125712,235)
(136896,183)
(126736,228)
(111376,34)
(67856,202)
(129216,84)
(36800,229)
(95024,191)
(104736,236)
(52256,26)
(67232,62)
(130640,83)
(58736,13)
(69808,15)
(57600,193)
(50528,118)
(7392,158)
(115104,85)
(15440,43)
(58992,182)
(63552,120)
(113728,237)
(119264,144)
(70128,86)
(102416,12)
(5952,19)
(13216,70)
(71872,224)
(54368,110)
(69472,85)
(13024,111)
(39200,193)
(136736,228)
(131024,111)
(76176,120)
(128048,228)
(12624,191)
(13888,226)
(50016,238)
(33584,228)
(106352,207)
(130160,183)
(15744,97)
(82912,72)
(76304,110)
(48512,45)
(102304,104)
(19664,230)
(70144,94)
(76624,55)
(86576,83)
(97072,87)
(14432,216)
(20672,239)
(110368,193)
(95008,195)
(18320,215)
(66704,230)
(4288,152)
(37968,218)
(113376,192)
(47008,225)
(95872,46)
(80400,48)
(16336,229)
(288,230)
(15792,212)
(56848,61)
(101968,104)
(118784,218)
(120288,105)
(44336,168)
(55296,236)
(61952,87)
(134320,109)
(114944,239)
(102128,157)
(6944,157)
(126880,91)
(100704,228)
(91248,238)
(5728,31)
(4528,230)
(121360,45)
(21600,15)
(138192,231)
(36320,36)
(120576,158)
(3360,226)
(2672,229)
(60400,175)
(15344,177)
(16224,216)
(31936,98)
(22368,239)
(13696,178)
(90112,34)
(90432,132)
(39504,223)
(88912,177)
(133456,228)
(78176,193)
(136080,115)
(128544,158)
(13648,110)
(86080,120)
(13008,217)
(126032,190)
(23296,128)
(98080,226)
(100400,228)
(58960,82)
(126960,49)
(94176,86)
(5456,230)
(49216,47)
(60256,230)
(63296,48)
(110208,135)
(20304,179)
(101584,72)
(136464,237)
(40096,171)
(80320,48)
(114560,169)
(74848,19)
(11776,218)
(99392,35)
(46704,36)
(137792,229)
(7024,111)
(28400,168)
(60176,122)
(135744,237)
(62480,230)
(27200,236)
(22832,96)
(98208,194)
(134176,45)
(124320,164)
(63168,239)
(104128,214)
(30912,133)
(111552,86)
(98032,182)
(52048,120)
(81904,212)
(28752,98)
(78096,229)
(122048,48)
(122592,170)
(115808,180)
(48592,239)
(71824,79)
(76736,24)
(93008,238)
(100048,237)
(21040,237)
(38672,224)
(86672,86)
(47520,236)
(113216,156)
(56592,12)
(75008,69)
(121888,216)
(129872,103)
(82208,44)
(7488,115)
(14944,123)
(75728,134)
(106704,182)
(3552,239)
(88608,37)
(86464,108)
(25520,27)
(115120,21)
(131808,61)
(137760,139)
(138224,68)
(118384,231)
(95600,86)
(58816,183)
(58784,14)
(52480,194)
(14752,145)
(97664,26)
(84640,238)
(121744,192)
(120208,158)
(112880,60)
(99536,46)
(49056,60)
(69392,189)
(108992,74)
(114992,144)
(100896,236)
(134928,170)
(128336,116)
(11824,37)
(102688,181)
(115616,143)
(48640,122)
(56512,36)
(123856,103)
(133648,218)
(76800,225)
(2256,218)
(76784,229)
(89920,85)
(50912,157)
(110464,218)
(95184,182)
(34144,182)
(32336,14)
(119408,212)
(98688,217)
(71760,193)
(25264,55)
(54432,236)
(137248,218)
(59072,67)
(28032,129)
(80064,104)
(116816,168)
(7280,237)
(59760,182)
(120768,212)
(95552,20)
(116272,95)
(83472,170)
(19312,27)
(76160,195)
(6928,159)
(33312,231)
(18528,68)
(79520,120)
(89232,118)
(123088,195)
(52512,24)
(14688,216)
(41712,38)
(39568,228)
(41696,146)
(88784,103)
(58768,229)
(91392,32)
(112240,182)
(64768,169)
(64704,120)
(30704,105)
(84656,191)
(47776,226)
(110400,103)
(97136,223)
(23904,39)
(38576,229)
(30128,193)
(36640,120)
(10240,58)
(74736,238)
(69344,23)
(114176,237)
(65824,194)
(36560,50)
(67632,182)
(104544,235)
(113008,187)
(76336,103)
(73328,26)
(91760,109)
(97360,23)
(120304,95)
(29872,19)
(71952,84)
(12928,98)
(48880,59)
(35280,238)
(110784,111)
(103792,108)
(57296,212)
(70368,116)
(115312,38)
(1616,60)
(29680,131)
(52864,104)
(98736,67)
(63648,79)
(72416,180)
(114144,120)
(8400,182)
(129600,182)
(34096,122)
(4416,166)
(55472,145)
(6544,14)
(82368,225)
(93184,108)
(107232,182)
(51840,98)
(84880,230)
(113184,229)
(112368,25)
(18224,74)
(123424,180)
(38464,85)
(14400,32)
(127232,67)
(123680,98)
(128496,84)
(119520,108)
(50368,229)
(49440,122)
(76768,168)
(104240,35)
(105776,67)
(24736,119)
(124576,118)
(107440,57)
(110048,36)
(560,85)
(136992,180)
(26688,130)
(88816,239)
(16976,156)
(20960,238)
(119312,132)
(61936,235)
(35936,228)
(69600,231)
(79984,203)
(93856,238)
(3184,121)
(40576,26)
(29136,236)
(124528,217)
(127040,182)
(103680,27)
(88976,217)
(112352,120)
(9248,206)
(11264,193)
(109840,72)
(24368,23)
(102144,229)
(51008,168)
(18240,239)
(117504,182)
(131184,43)
(94256,63)
(90352,116)
(79712,238)
(5712,213)
(2304,224)
(25232,26)
(32624,58)
(129488,82)
(115472,74)
(55200,183)
(76704,133)
(56464,81)
(102528,236)
(48384,180)
(9968,32)
(19712,236)
(92768,226)
(81520,97)
(86208,171)
(85824,20)
(100784,231)
(81824,230)
(67728,236)
(135056,171)
(40592,48)
(9680,109)
(31008,182)
(64896,95)
(96400,212)
(96800,158)
(23568,105)
(127376,168)
(107872,56)
(106672,57)
(71728,79)
(128672,178)
(71856,120)
(124416,121)
(72688,23)
(64576,231)
(3472,169)
(57760,62)
(65040,103)
(34432,55)
(28576,85)
(105200,193)
(59040,239)
(71584,191)
(107488,187)
(133296,145)
(12368,204)
(34464,237)
(82176,145)
(100000,175)
(24336,143)
(45024,212)
(23184,48)
(60928,111)
(61440,194)
(91296,231)
(125056,86)
(27920,167)
(41392,228)
(123792,45)
(94496,158)
(120256,108)
(82448,200)
(35792,36)
(96368,26)
(10768,231)
(47040,179)
(57392,191)
(68768,38)
(14896,191)
(86960,231)
(49008,79)
(77792,25)
(45232,238)
(55360,193)
(78352,94)
(95120,132)
(126368,238)
(30224,116)
(111648,169)
(107584,223)
(32128,85)
(87248,217)
(92976,239)
(79696,115)
(114336,218)
(59136,81)
(70544,48)
(44048,183)
(27536,71)
(55536,225)
(98672,224)
(84096,217)
(17568,158)
(57808,26)
(137568,195)
(6192,61)
(46208,238)
(69104,38)
(22960,193)
(21792,81)
(75200,83)
(84864,49)
(105952,44)
(3888,47)
(115872,191)
(135968,228)
(107248,231)
(41104,43)
(130976,236)
(131328,24)
(22160,228)
(41280,121)
(20496,180)
(58448,224)
(32528,69)
(93920,135)
(42672,180)
(66912,48)
(59168,120)
(19344,36)
(22400,178)
(111744,182)
(79328,108)
(99312,168)
(98128,87)
(13488,132)
(125904,108)
(28096,141)
(106384,13)
(34496,157)
(80416,229)
(132304,12)
(84688,86)
(116096,73)
(13344,133)
(120128,182)
(59376,216)
(108656,134)
(98368,99)
(14192,115)
(65920,59)
(114400,47)
(10688,26)
(58752,239)
(103504,128)
(107056,153)
(134400,85)
(608,24)
(86304,169)
(133552,169)
(22592,15)
(45616,50)
(34400,13)
(94528,48)
(49344,170)
(2128,63)
(43856,190)
(128064,91)
(43184,190)
(67424,218)
(29264,231)
(56240,216)
(47968,20)
(99760,177)
(68256,178)
(67824,87)
(130176,146)
(58160,115)
(130528,109)
(79952,91)
(96592,74)
(56112,38)
(28240,181)
(101856,217)
(45312,71)
(11072,182)
(19936,85)
(48576,237)
(23264,164)
(10736,228)
(2640,193)
(107376,62)
(25312,166)
(86048,33)
(25344,72)
(11888,213)
(23808,85)
(85728,156)
(40448,166)
(122224,183)
(118112,212)
(108576,226)
(87184,121)
(93552,51)
(41728,93)
(75408,86)
(17808,57)
(9360,239)
(19248,14)
(47296,237)
(76608,218)
(82656,120)
(123728,187)
(54912,223)
(66560,236)
(128512,87)
(117168,128)
(4448,180)
(26320,80)
(105312,238)
(12208,191)
(90144,218)
(136448,218)
(137232,62)
(8928,236)
(125472,98)
(65168,21)
(43072,181)
(91968,44)
(137920,69)
(111952,74)
(127280,188)
(77024,230)
(1392,237)
(20928,55)
(35680,109)
(34560,193)
(101696,119)
(60368,68)
(137120,38)
(34864,56)
(109488,61)
(116368,238)
(87472,163)
(122272,195)
(41968,38)
(88256,155)
(102176,237)
(80240,181)
(45200,165)
(69088,216)
(75376,193)
(81392,238)
(104080,237)
(134272,239)
(53328,43)
(50848,180)
(7904,14)
(2144,120)
(39872,195)
(112720,228)
(92032,191)
(64480,108)
(130128,14)
(23584,146)
(13360,206)
(92704,98)
(46656,24)
(100560,48)
(91104,239)
(38640,228)
(71376,239)
(115760,26)
(102160,194)
(72400,129)
(13168,171)
(33040,218)
(64640,72)
(129248,70)
(16256,195)
(90320,73)
(77952,228)
(63920,109)
(44704,85)
(99136,193)
(100064,231)
(69360,70)
(103200,229)
(39776,84)
(46336,85)
(10896,206)
(71552,79)
(134144,13)
(68608,158)
(65184,60)
(85536,170)
(44896,91)
(48336,34)
(23168,231)
(137088,97)
(60960,33)
(35424,12)
(26448,231)
(130080,177)
(89248,85)
(64128,237)
(73008,72)
(80464,193)
(2496,105)
(48544,67)
(96656,179)
(64272,118)
(71424,191)
(50512,188)
(23840,218)
(116576,207)
(72272,223)
(67744,238)
(129536,121)
(24032,218)
(52000,109)
(39056,44)
(53776,129)
(107264,218)
(4720,62)
(9936,146)
(127808,207)
(88352,158)
(1504,202)
(67264,121)
(21504,168)
(23984,179)
(73200,72)
(77328,14)
(28080,182)
(112928,156)
(119344,229)
(14768,71)
(62112,217)
(135168,235)
(12032,49)
(36096,228)
(107744,237)
(128688,183)
(109104,70)
(122032,48)
(84784,12)
(53232,238)
(120800,188)
(28160,50)
(69952,151)
(107952,152)
(105264,33)
(66592,50)
(115216,177)
(129120,187)
(100544,216)
(87168,115)
(122992,182)
(95888,225)
(17712,228)
(106496,56)
(65568,94)
(45056,218)
(62384,145)
(111104,170)
(122688,216)
(117360,105)
(34416,239)
(125760,194)
(84048,14)
(25696,37)
(95808,230)
(55312,151)
(22256,229)
(45664,58)
(15200,95)
(9152,182)
(75792,19)
(55232,25)
(62448,81)
(83536,181)
(124976,67)
(39376,127)
(12592,191)
(106592,157)
(40032,97)
(27504,120)
(91008,155)
(132624,230)
(67584,19)
(15888,129)
(23072,238)
(27008,187)
(66304,36)
(97216,140)
(74592,230)
(11088,182)
(12816,158)
(22752,62)
(38352,97)
(102784,226)
(110144,187)
(47472,237)
(117696,182)
(28368,27)
(36016,228)
(109568,195)
(49792,155)
(125776,169)
(91536,74)
(29184,33)
(115408,73)
(42768,223)
(71968,170)
(120560,122)
(89328,218)
(16688,239)
(21680,187)
(112448,163)
(130224,51)
(133312,157)
(18272,212)
(40976,118)
(1360,62)
(3232,182)
(70336,109)
(16400,238)
(800,154)
(20560,26)
(43408,50)
(89504,155)
(5280,163)
(87536,211)
(69792,38)
(69040,171)
(118640,133)
(96880,235)
(124864,223)
(133008,36)
(116992,229)
(83936,58)
(80784,50)
(101360,216)
(49760,56)
(115200,82)
(54192,163)
(61104,230)
(29472,238)
(89936,226)
(7968,19)
(5616,83)
(7056,94)
(100224,72)
(71744,169)
(81872,217)
(105456,26)
(111392,74)
(6624,67)
(72096,194)
(108880,144)
(122320,216)
(5904,154)
(39488,230)
(28624,219)
(107712,195)
(1648,105)
(114464,134)
(73664,239)
(60000,73)
(97168,127)
(128256,63)
(129936,71)
(130960,212)
(115984,35)
(6416,205)
(71696,217)
(93792,237)
(137632,152)
(81072,152)
(15968,43)
(99680,118)
(45552,49)
(74528,239)
(79392,35)
(60480,14)
(108704,24)
(6432,239)
(40512,169)
(66768,177)
(130048,135)
(83888,92)
(119776,115)
(44288,158)
(112848,98)
(36368,31)
(117152,218)
(56624,50)
(120976,61)
(133440,178)
(120416,164)
(30736,239)
(19984,111)
(42240,193)
(59744,229)
(109344,237)
(75504,120)
(25440,170)
(123472,86)
(129168,228)
(43136,61)
(4352,154)
(37376,134)
(14128,24)
(80512,141)
(32640,72)
(62256,26)
(69168,153)
(32480,84)
(98016,180)
(113120,35)
(117536,27)
(112384,74)
(36912,60)
(34752,141)
(35456,70)
(88240,238)
(107984,109)
(89280,33)
(19632,236)
(80384,237)
(39168,85)
(23440,225)
(9328,217)
(21456,71)
(87584,187)
(79216,39)
(99152,187)
(61328,62)
(60688,55)
(78896,131)
(60640,195)
(38912,120)
(39664,219)
(115392,239)
(37744,37)
(119952,229)
(37552,228)
(25792,213)
(129456,158)
(105744,74)
(56224,67)
(62960,239)
(50192,25)
(85408,157)
(123632,48)
(85200,193)
(9664,82)
(30336,143)
(17200,212)
(17952,85)
(784,57)
(39072,238)
(36160,218)
(88416,181)
(119024,32)
(74384,83)
(48992,132)
(86800,156)
(13264,134)
(4656,92)
(17904,228)
(60064,12)
(8576,86)
(37808,182)
(120848,176)
(79152,230)
(136000,75)
(55376,189)
(72000,13)
(132016,224)
(84176,71)
(122640,62)
(115488,106)
(31632,60)
(14976,129)
(21088,171)
(18976,239)
(35648,226)
(52384,194)
(119184,48)
(31952,175)
(88736,236)
(23488,96)
(11696,97)
(17456,182)
(20688,98)
(104272,94)
(121664,32)
(61152,46)
(117664,73)
(28512,180)
(42944,110)
(99104,36)
(78752,237)
(23200,239)
(21472,94)
(80560,85)
(2768,229)
(79296,85)
(91648,33)
(131632,13)
(40080,140)
(3616,181)
(77680,69)
(6176,214)
(1424,180)
(35632,132)
(89136,24)
(112320,116)
(70032,170)
(113424,182)
(117296,121)
(13120,97)
(9984,224)
(70528,238)
(70976,87)
(90128,194)
(40864,195)
(136608,223)
(121264,216)
(81040,38)
(94752,106)
(129680,36)
(25728,216)
(136096,182)
(22944,121)
(79968,74)
(107456,195)
(21200,27)
(113824,235)
(73376,191)
(22448,115)
(97008,146)
(125584,238)
(45504,225)
(106560,98)
(400,91)
(108224,218)
(82112,122)
(56480,22)
(67216,98)
(111696,60)
(81104,96)
(31424,169)
(120176,226)
(1200,83)
(133488,238)
(18160,158)
(73632,231)
(81616,212)
(84016,34)
(14048,49)
(81088,193)
(51216,224)
(75952,170)
(22640,58)
(78272,34)
(38960,180)
(121696,216)
(85616,214)
(134640,132)
(110288,230)
(9376,45)
(47600,156)
(97568,118)
(116496,223)
(44080,95)
(60496,108)
(18608,70)
(25456,183)
(40384,61)
(89024,130)
(122352,43)
(67056,21)
(32672,225)
(114080,224)
(27904,74)
(128032,193)
(1888,179)
(45584,165)
(22416,71)
(19584,190)
(32016,49)
(23024,231)
(16672,229)
(43904,239)
(97296,229)
(74144,84)
(135680,218)
(53120,129)
(82064,92)
(112576,135)
(95296,191)
(111216,169)
(122304,26)
(112304,230)
(103952,239)
(11760,38)
(64,230)
(124064,230)
(61072,108)
(16848,225)
(97120,75)
(41136,171)
(135312,86)
(63248,38)
(117680,146)
(128784,91)
(35088,157)
(640,217)
(130480,97)
(55728,167)
(23888,31)
(70928,143)
(40672,169)
(25664,215)
(81280,87)
(101488,229)
(63888,105)
(26144,61)
(67968,183)
(46752,118)
(125232,158)
(103600,216)
(8160,182)
(50080,176)
(38656,230)
(50864,110)
(41312,158)
(135328,228)
(61120,120)
(32032,104)
(27232,183)
(117136,183)
(47088,81)
(67136,217)
(91936,182)
(59616,228)
(54208,14)
(48800,60)
(37424,236)
(92400,94)
(42480,236)
(59312,97)
(97312,178)
(100800,226)
(51168,237)
(1248,238)
(35568,115)
(124240,231)
(129056,237)
(46032,56)
(26096,195)
(116480,216)
(137712,91)
(85328,153)
(85680,86)
(4432,229)
(66240,216)
(29648,37)
(125120,202)
(77216,230)
(120096,106)
(86128,229)
(23232,72)
(29344,212)
(29488,191)
(48096,50)
(108352,171)
(46960,237)
(115152,228)
(126912,24)
(124992,123)
(13392,192)
(102864,79)
(56704,110)
(46544,180)
(72352,20)
(59936,230)
(60160,87)
(86448,189)
(5200,236)
(84896,120)
(69248,238)
(6880,97)
(128640,73)
(119856,218)
(104064,223)
(17104,223)
(109728,179)
(27680,67)
(74224,218)
(105248,121)
(110432,12)
(114448,60)
(110304,48)
(26816,217)
(1600,180)
(103536,190)
(99840,165)
(19856,235)
(132256,19)
(135008,230)
(88464,212)
(61344,49)
(81936,116)
(100432,142)
(38192,212)
(88656,85)
(116736,43)
(97600,26)
(92960,120)
(12144,223)
(5152,157)
(36672,225)
(115456,120)
(116832,13)
(125648,166)
(13568,146)
(69456,168)
(133888,94)
(30384,224)
(76976,156)
(112992,123)
(135728,108)
(34256,239)
(53408,182)
(18880,228)
(12432,109)
(124544,191)
(66976,187)
(71104,58)
(111040,239)
(89872,144)
(79616,216)
(128976,187)
(56784,45)
(96608,14)
(78480,133)
(119008,117)
(108432,179)
(103520,206)
(108336,223)
(57328,158)
(88320,223)
(7328,83)
(39296,217)
(43888,26)
(55888,128)
(119744,56)
(17616,85)
(111568,32)
(25680,36)
(29008,146)
(109296,104)
(138208,36)
(65408,119)
(67664,22)
(36048,72)
(125184,140)
(110720,237)
(9072,181)
(53344,228)
(65664,74)
(80128,84)
(126400,237)
(116640,239)
(77968,98)
(12112,69)
(45296,74)
(41824,231)
(108240,69)
(54288,110)
(121136,211)
(26080,153)
(34368,216)
(103440,226)
(81024,62)
(93744,181)
(29984,195)
(30096,15)
(1776,115)
(5760,121)
(9392,216)
(15872,94)
(58336,163)
(60432,216)
(21728,94)
(97696,190)
(124912,131)
(105184,97)
(50416,193)
(32608,103)
(119504,118)
(30272,14)
(105552,27)
(106016,110)
(70176,12)
(10160,230)
(100608,50)
(116304,195)
(87088,182)
(3584,81)
(61280,231)
(55792,133)
(10352,191)
(114800,51)
(55648,50)
(107808,229)
(103712,216)
(122144,39)
(50336,168)
(110960,109)
(113136,229)
(83840,236)
(47504,109)
(38768,167)
(119280,239)
(87728,122)
(58976,86)
(1440,237)
(15712,236)
(110880,228)
(57824,189)
(80576,80)
(11408,35)
(17760,239)
(54640,230)
(36704,140)
(103040,239)
(104848,120)
(117184,182)
(11456,239)
(21824,178)
(8000,25)
(90416,228)
(94240,237)
(5392,92)
(90816,115)
(92320,231)
(45280,193)
(106224,13)
(68432,122)
(127056,231)
(131696,85)
(83760,182)
(27584,59)
(104528,226)
(98768,224)
(18576,38)
(32512,188)
(28832,108)
(109440,132)
(3200,195)
(27408,85)
(55920,179)
(138016,224)
(49840,182)
(49360,238)
(76688,14)
(32080,109)
(23104,103)
(117424,127)
(9408,87)
(14016,177)
(81248,51)
(133232,96)
(73472,156)
(49152,127)
(105392,224)
(125136,86)
(44736,87)
(3632,98)
(28224,85)
(96192,237)
(30672,183)
(56656,37)
(94656,127)
(128832,225)
(117248,217)
(67184,19)
(64672,145)
(97232,218)
(33664,13)
(46560,47)
(97344,236)
(24288,122)
(43712,62)
(41296,127)
(100368,153)
(72736,155)
(116208,226)
(135408,180)
(25504,116)
(127968,237)
(27840,72)
(44720,152)
(128320,130)
(108672,92)
(43616,192)
(104880,231)
(92720,229)
(114704,166)
(49744,134)
(135552,230)
(130544,72)
(81808,195)
(116720,140)
(75104,81)
(87680,24)
(51152,229)
(54176,193)
(94672,178)
(136368,182)
(135936,98)
(84592,224)
(89824,142)
(96032,230)
(16176,175)
(13376,183)
(13728,56)
(4928,143)
(40128,238)
(60624,187)
(73344,83)
(43632,14)
(120640,171)
(135104,167)
(576,193)
(53744,194)
(106752,134)
(94144,107)
(93840,122)
(93232,231)
(75616,158)
(27888,193)
(45840,194)
(118448,117)
(81792,229)
(66640,224)
(110736,228)
(120320,83)
(67840,238)
(57584,191)
(94160,26)
(94608,24)
(25280,62)
(43792,228)
(9488,218)
(107888,91)
(123952,109)
(34672,72)
(38144,168)
(52560,163)
(79808,223)
(136704,121)
(4256,212)
(60288,61)
(104432,214)
(115680,50)
(122464,73)
(129008,27)
(91824,130)
(12048,236)
(61632,98)
(25760,217)
(8208,229)
(17728,22)
(56608,238)
(18336,120)
(66992,216)
(33744,191)
(4384,170)
(44208,217)
(74960,182)
(79600,142)
(17648,111)
(110384,159)
(135856,213)
(92432,69)
(45072,170)
(92416,214)
(138000,143)
(111968,155)
(111680,37)
(118512,170)
(45600,238)
(49888,158)
(61984,115)
(59712,62)
(14368,81)
(71792,70)
(102048,224)
(133504,58)
(118464,195)
(135888,133)
(736,236)
(3056,191)
(144,180)
(35040,170)
(65776,110)
(53440,92)
(127440,87)
(108176,22)
(23280,63)
(28864,26)
(68720,144)
(91056,229)
(84816,231)
(15248,238)
(39936,217)
(52464,122)
(61248,139)
(86496,238)
(1264,238)
(16272,231)
(100320,67)
(106528,121)
(21952,225)
(98608,177)
(100640,212)
(3744,231)
(130688,133)
(34000,14)
(20784,194)
(111408,187)
(79664,182)
(113280,168)
(79472,163)
(25008,93)
(90608,218)
(89888,152)
(112704,21)
(129584,63)
(66048,177)
(53184,236)
(8128,141)
(67456,49)
(39680,182)
(76848,170)
(4080,188)
(50288,24)
(93904,228)
(55616,50)
(104768,179)
(136176,182)
(7616,121)
(26944,38)
(66608,225)
(8640,50)
(97728,237)
(47280,226)
(45040,122)
(77712,37)
(118800,238)
(134800,23)
(12064,14)
(120080,193)
(79040,62)
(51376,225)
(40000,49)
(17680,119)
(100688,142)
(49024,98)
(60944,238)
(48208,188)
(126416,182)
(79920,235)
(46528,204)
(65200,216)
(105600,133)
(21488,73)
(120656,20)
(127696,236)
(35024,218)
(104480,108)
(37024,63)
(65120,236)
(28816,153)
(35808,192)
(54576,170)
(129376,195)
(58016,144)
(47232,105)
(30848,171)
(33136,13)
(109312,91)
(130448,61)
(16,176)
(92800,15)
(131408,110)
(126768,20)
(30832,224)
(50976,13)
(71568,127)
(115520,195)
(103808,86)
(38736,38)
(40784,120)
(35216,44)
(51328,79)
(56640,146)
(128752,13)
(38864,238)
(27952,229)
(13616,44)
(39728,79)
(78048,79)
(96704,120)
(59824,230)
(101280,58)
(68816,48)
(97248,50)
(13952,26)
(44512,193)
(34576,49)
(69536,69)
(114720,49)
(94768,168)
(100336,129)
(38368,167)
(84848,72)
(13136,231)
(72224,177)
(64832,110)
(84112,228)
(98752,237)
(80624,108)
(123776,238)
(119072,109)
(81952,120)
(89776,195)
(38880,228)
(41904,72)
(9104,223)
(51040,144)
(23648,59)
(94816,225)
(124400,48)
(66656,215)
(73696,38)
(126192,237)
(109520,92)
(55600,225)
(97376,183)
(76752,212)
(10672,229)
(135760,156)
(112896,62)
(131216,37)
(106656,46)
(67120,117)
(18832,62)
(65216,182)
(35536,107)
(56816,109)
(93168,110)
(58560,230)
(137680,229)
(132400,214)
(6384,170)
(45728,179)
(59808,214)
(120032,218)
(132640,224)
(131552,239)
(88096,59)
(128576,229)
(41040,105)
(76592,230)
(16208,169)
(59232,236)
(70608,98)
(32832,133)
(97424,139)
(126288,31)
(70896,117)
(92064,239)
(24432,154)
(99088,109)
(10064,181)
(111424,182)
(34224,79)
(60320,60)
(67600,74)
(98288,131)
(5744,60)
(104944,97)
(38992,108)
(40400,217)
(24992,139)
(60528,231)
(832,38)
(20256,228)
(37360,111)
(123152,147)
(98784,179)
(92576,68)
(8144,103)
(57344,132)
(38016,120)
(34240,121)
(5808,145)
(64784,239)
(92256,119)
(10144,59)
(102352,181)
(52832,193)
(126208,238)
(47872,228)
(104256,229)
(59088,145)
(6816,183)
(80944,163)
(134672,228)
(65760,181)
(49280,98)
(63984,70)
(105632,193)
(124176,182)
(33872,218)
(104992,97)
(36336,236)
(44480,105)
(15280,154)
(82528,187)
(94544,62)
(68448,133)
(127568,225)
(78528,239)
(134736,228)
(38128,62)
(64880,190)
(113936,70)
(17632,50)
(100576,43)
(11168,230)
(102976,239)
(4912,32)
(71152,193)
(109920,108)
(45984,56)
(9872,180)
(58688,24)
(64240,170)
(122624,45)
(8800,231)
(29728,46)
(70064,191)
(26736,38)
(53824,21)
(59472,187)
(2944,231)
(14240,87)
(120752,188)
(47120,72)
(72784,228)
(14032,154)
(66096,216)
(26336,13)
(52208,39)
(57056,72)
(25392,216)
(35520,74)
(91728,229)
(106432,108)
(119088,181)
(94560,168)
(116448,60)
(5792,14)
(59680,143)
(9840,134)
(38256,107)
(66512,108)
(21008,134)
(136960,191)
(63536,182)
(40800,195)
(132208,236)
(13712,195)
(102496,147)
(34528,134)
(11872,12)
(49600,182)
(72528,131)
(115296,218)
(51920,13)
(112000,228)
(98192,218)
(24976,164)
(128928,108)
(71664,193)
(54384,85)
(137168,74)
(123200,33)
(104288,217)
(46928,225)
(1568,111)
(31536,24)
(104464,44)
(103296,213)
(83312,216)
(1376,96)
(83824,43)
(124496,187)
(136512,84)
(92752,225)
(135840,191)
(2208,14)
(55584,117)
(125040,228)
(118320,155)
(21120,182)
(121312,144)
(69440,179)
(99168,31)
(99008,239)
(138240,120)
(20368,231)
(62768,195)
(95168,74)
(138368,218)
(98864,120)
(105792,22)
(50112,204)
(44448,230)
(69280,132)
(121200,97)
(2400,110)
(124368,133)
(17168,85)
(47536,140)
(66480,133)
(70560,122)
(120608,182)
(16544,182)
(64368,182)
(64064,238)
(38096,73)
(2432,228)
(6784,224)
(135456,57)
(13536,239)
(89264,182)
(76080,225)
(107856,212)
(55744,191)
(88112,95)
(134016,230)
(28976,238)
(40992,118)
(83104,181)
(45696,158)
(21024,81)
(42912,187)
(7440,131)
(110080,216)
(112784,239)
(85184,230)
(92832,182)
(79904,12)
(106816,93)
(25168,144)
(96560,214)
(43984,83)
(17152,238)
(35920,33)
(100624,13)
(128704,144)
(44112,63)
(41856,169)
(1536,19)
(114864,31)
(7776,25)
(60880,131)
(111152,95)
(29056,109)
(48080,168)
(12960,169)
(124592,237)
(123968,144)
(16560,228)
(117632,49)
(52160,108)
(27248,183)
(63360,180)
(98624,46)
(39824,98)
(87920,120)
(66944,97)
(80720,13)
(64288,170)
(66688,231)
(87840,225)
(22384,224)
(80704,95)
(3456,19)
(31328,182)
(84400,159)
(18784,72)
(97584,146)
(57840,226)
(20160,96)
(135584,181)
(114320,74)
(120272,69)
(1040,237)
(74816,187)
(30992,193)
(32368,60)
(90832,60)
(89552,205)
(66112,86)
(29936,48)
(67280,237)
(33920,87)
(57360,202)
(80096,31)
(87008,142)
(79680,105)
(131232,190)
(1168,84)
(75984,238)
(12224,31)
(86544,238)
(105968,81)
(121216,132)
(131280,103)
(9216,195)
(14512,15)
(22816,190)
(34640,43)
(30304,122)
(89536,121)
(53584,217)
(137728,110)
(103840,85)
(70000,216)
(1632,223)
(115536,31)
(67696,238)
(96240,180)
(123024,92)
(944,37)
(128528,25)
(134416,229)
(54336,170)
(76192,32)
(108544,95)
(128912,60)
(21216,132)
(78112,129)
(57648,230)
(95376,127)
(52240,182)
(81968,50)
(20176,170)
(25248,115)
(30352,116)
(64800,238)
(101504,145)
(94912,110)
(98224,134)
(131776,38)
(22336,121)
(79360,180)
(62096,215)
(93776,108)
(103360,121)
(98848,61)
(13744,132)
(39904,236)
(15360,182)
(55264,236)
(10816,158)
(100960,218)
(54272,224)
(98064,230)
(122784,228)
(124048,129)
(56928,228)
(75152,182)
(51504,195)
(122000,83)
(74656,75)
(100752,61)
(111296,57)
(118848,37)
(11488,80)
(131616,36)
(208,21)
(102608,154)
(136832,171)
(6736,223)
(25056,193)
(79120,14)
(120592,110)
(32768,62)
(100816,63)
(42720,119)
(123216,145)
(17392,131)
(27152,121)
(131536,195)
(102752,236)
(124688,61)
(130816,84)
(133712,104)
(11584,106)
(59328,14)
(101216,92)
(63808,68)
(74608,231)
(103280,217)
(35120,225)
(124160,187)
(78592,85)
(72720,19)
(7584,67)
(68880,97)
(120384,238)
(90736,36)
(124256,47)
(31552,195)
(137264,36)
(97536,158)
(135200,236)
(21968,98)
(46640,230)
(368,229)
(87328,235)
(73712,194)
(127456,170)
(84576,214)
(50048,144)
(78432,183)
(88544,216)
(112464,63)
(112608,111)
(121120,168)
(26864,34)
(41552,22)
(88768,108)
(133616,33)
(47456,238)
(129824,55)
(11664,44)
(34160,71)
(43808,193)
(90080,49)
(63312,121)
(22208,193)
(43776,237)
(77088,212)
(118496,123)
(133040,12)
(10384,122)
(36944,190)
(116544,61)
(41536,217)
(13520,230)
(24064,158)
(133872,108)
(60560,106)
(13072,180)
(89520,83)
(99024,37)
(90384,177)
(114688,141)
(5248,168)
(41680,238)
(43312,146)
(5344,237)
(86400,91)
(62464,14)
(60512,144)
(68480,170)
(72048,82)
(123840,144)
(84976,60)
(28560,13)
(66864,193)
(16992,236)
(5872,238)
(20992,235)
(72208,170)
(101760,216)
(94112,85)
(20816,191)
(63504,142)
(55488,181)
(78464,132)
(83584,177)
(126512,50)
(94640,237)
(78336,181)
(54112,229)
(81472,194)
(28992,37)
(32704,229)
(32928,86)
(131824,115)
(1488,237)
(91120,98)
(68864,68)
(27792,179)
(82256,195)
(123264,44)
(432,98)
(40496,158)
(86976,230)
(41072,180)
(125984,107)
(17504,62)
(55968,74)
(100208,228)
(38544,109)
(36192,230)
(50208,122)
(52336,217)
(23744,229)
(80656,57)
(75216,22)
(118000,231)
(6336,68)
(29120,224)
(2528,44)
(112752,231)
(90752,96)
(34992,179)
(123888,237)
(53696,187)
(36400,19)
(68288,226)
(21920,217)
(80272,123)
(38624,218)
(70448,188)
(111920,195)
(61040,231)
(9312,71)
(112176,195)
(2752,170)
(9024,224)
(119824,59)
(106160,178)
(32656,61)
(3856,111)
(38608,216)
(63712,106)
(63840,214)
(39184,127)
(18704,239)
(59248,25)
(73248,62)
(43280,145)
(62736,74)
(129920,85)
(24576,236)
(109808,31)
(67952,238)
(96080,207)
(74080,238)
(21808,107)
(78240,182)
(119712,182)
(33760,193)
(29424,96)
(116176,13)
(54880,45)
(44768,105)
(74496,239)
(53424,193)
(113856,132)
(76640,226)
(64992,236)
(75936,195)
(94368,195)
(129616,223)
(128096,56)
(40144,127)
(41744,188)
(121424,180)
(67520,171)
(16080,99)
(15088,143)
(68384,33)
(34832,187)
(9536,230)
(58432,192)
(30144,44)
(84352,135)
(9088,170)
(88688,122)
(91856,187)
(94576,207)
(103104,103)
(58720,123)
(33392,192)
(61808,132)
(114496,178)
(118864,237)
(74752,13)
(19040,230)
(68096,132)
(121680,214)
(37520,143)
(77008,239)
(7232,91)
(92624,182)
(97920,237)
(14304,127)
(10640,205)
(117856,80)
(91520,48)
(105152,231)
(3168,130)
(6304,118)
(107648,48)
(62128,73)
(9520,170)
(78912,20)
(59584,95)
(29744,218)
(88384,193)
(80480,216)
(83744,179)
(40416,178)
(129776,239)
(43376,183)
(29376,183)
(69712,182)
(134336,121)
(61824,97)
(68224,85)
(136272,33)
(103744,43)
(33408,85)
(42064,228)
(71200,127)
(84000,152)
(25184,207)
(90640,176)
(76528,216)
(98496,134)
(82848,97)
(82016,108)
(131264,228)
(84480,15)
(137904,98)
(18368,92)
(92352,55)
(51408,188)
(55856,72)
(108976,170)
(122832,25)
(76464,81)
(57408,170)
(28496,62)
(13680,128)
(29408,12)
(94944,180)
(93456,91)
(3904,237)
(131456,187)
(42592,14)
(124384,237)
(129856,146)
(51360,191)
(110992,58)
(49936,216)
(7264,238)
(82144,164)
(1024,119)
(122096,168)
(135664,181)
(81712,190)
(97632,68)
(6496,72)
(124144,230)
(112960,67)
(109872,236)
(108128,132)
(128384,49)
(36752,96)
(119120,108)
(64048,143)
(106608,231)
(17920,39)
(9440,152)
(79840,134)
(91552,177)
(108320,119)
(42128,120)
(80528,86)
(106000,223)
(11040,47)
(105056,143)
(3712,93)
(39360,224)
(93984,238)
(70016,51)
(71504,35)
(53360,215)
(4192,216)
(3040,170)
(86352,238)
(53376,237)
(10576,183)
(111664,134)
(126096,180)
(126560,193)
(76896,134)
(127872,94)
(136048,120)
(3248,178)
(41568,194)
(104960,92)
(14096,135)
(61296,238)
(83856,239)
(129648,237)
(49664,168)
(65248,181)
(70848,44)
(112656,171)
(43952,87)
(85472,72)
(91888,123)
(95504,151)
(86752,22)
(87344,214)
(126352,224)
(33424,179)
(14880,231)
(13632,168)
(39280,229)
(106480,55)
(6640,236)
(88880,235)
(120224,235)
(24608,26)
(129152,229)
(45424,238)
(119664,122)
(76944,98)
(129344,175)
(84544,175)
(63760,110)
(43296,95)
(99600,168)
(18848,46)
(84512,226)
(23120,98)
(96576,236)
(28176,99)
(7248,190)
(41920,237)
(40560,152)
(138304,56)
(34480,236)
(118144,37)
(40160,183)
(79264,85)
(4976,236)
(137856,237)
(35840,140)
(138320,85)
(77936,12)
(94000,23)
(134496,194)
(41152,26)
(96480,108)
(19296,239)
(84768,107)
(16704,200)
(26208,72)
(47616,140)
(62864,56)
(4368,228)
(3440,195)
(1952,182)
(28592,218)
(45264,180)
(61568,13)
(71024,238)
(87904,93)
(30080,239)
(89840,216)
(41936,139)
(96048,229)
(56336,182)
(121776,115)
(135440,231)
(103472,144)
(45008,133)
(14720,195)
(58672,127)
(104048,85)
(95584,153)
(36576,39)
(30112,134)
(137296,229)
(133968,63)
(64976,86)
(23472,239)
(76384,189)
(119968,12)
(6864,180)
(27744,99)
(93872,117)
(101520,84)
(60672,61)
(43152,239)
(32496,181)
(119584,75)
(12896,230)
(16960,190)
(68000,230)
(75600,237)
(101264,228)
(128656,68)
(72656,24)
(32112,181)
(85776,229)
(97840,238)
(33856,231)
(36304,13)
(12464,226)
(110448,71)
(105664,212)
(137696,228)
(137808,51)
(8336,84)
(47568,238)
(29808,73)
(87824,230)
(46480,96)
(117760,237)
(81600,216)
(43248,24)
(131712,236)
(46112,194)
(21056,229)
(60736,236)
(85088,73)
(68016,36)
(96448,55)
(82928,191)
(100160,166)
(57792,99)
(16528,14)
(59920,15)
(57520,96)
(75296,145)
(7344,132)
(67616,239)
(47760,32)
(56864,187)
(97088,236)
(102224,194)
(117040,48)
(97984,96)
(115568,237)
(21904,157)
(31664,229)
(41216,217)
(113264,38)
(87792,182)
(35408,70)
(91776,194)
(115360,106)
(3024,37)
(102080,25)
(49616,69)
(89952,31)
(37856,216)
(50176,180)
(122800,98)
(111712,228)
(38064,82)
(125392,231)
(35984,118)
(30176,226)
(78816,23)
(17264,36)
(31264,170)
(10016,127)
(118592,154)
(6560,228)
(20144,143)
(33056,132)
(126640,191)
(77280,223)
(80160,212)
(22192,49)
(20976,84)
(84384,177)
(54784,48)
(118272,158)
(127856,48)
(86032,146)
(13872,226)
(35344,117)
(43488,26)
(38848,182)
(135040,159)
(27088,123)
(32192,226)
(120928,236)
(137008,230)
(3808,105)
(116512,122)
(27696,72)
(74896,110)
(131920,15)
(4336,108)
(131952,230)
(51056,129)
(42816,106)
(88896,58)
(32352,225)
(134544,228)
(137488,26)
(10128,224)
(78208,60)
(111824,205)
(118576,190)
(21232,123)
(12528,62)
(127104,37)
(72496,155)
(42176,229)
(104896,212)
(77152,228)
(83216,81)
(60144,231)
(93472,92)
(23344,179)
(98144,135)
(115936,235)
(22736,141)
(29840,144)
(113040,237)
(56048,69)
(73808,183)
(72288,127)
(103824,236)
(76432,12)
(76352,96)
(116848,216)
(13792,169)
(105888,228)
(115632,70)
(57536,236)
(62672,229)
(132048,142)
(87104,129)
(16064,166)
(30416,75)
(2224,93)
(64608,81)
(67248,231)
(77408,32)
(117552,237)
(107824,237)
(116672,237)
(133664,22)
(134816,38)
(21136,120)
(49632,45)
(71248,72)
(137424,95)
(51552,238)
(36896,49)
(73424,230)
(78288,239)
(93024,14)
(126832,60)
(68192,98)
(138448,237)
(20736,218)
(32912,175)
(51984,170)
(92192,171)
(99488,128)
(107472,58)
(16912,178)
(81760,188)
(40544,12)
(86848,238)
(63824,158)
(74976,151)
(118880,194)
(117712,182)
(46384,135)
(124960,213)
(3504,229)
(96416,239)
(73616,239)
(2480,169)
(89568,115)
(9056,71)
(54592,189)
(81296,228)
(20704,133)
(22784,230)
(103904,188)
(8784,129)
(35472,237)
(28768,12)
(130208,238)
(93216,13)
(108608,127)
(6080,168)
(42112,229)
(53936,236)
(103008,180)
(91600,223)
(68464,225)
(136864,109)
(133120,48)
(90560,81)
(58352,158)
(49168,224)
(130336,191)
(72432,92)
(37504,238)
(79088,195)
(34112,158)
(82304,239)
(15168,207)
(57664,238)
(80016,75)
(2320,123)
(115824,20)
(70672,159)
(118048,239)
(89472,82)
(69264,69)
(27808,146)
(30016,107)
(62608,37)
(92176,96)
(928,239)
(69008,144)
(82800,97)
(64176,238)
(82032,224)
(81120,84)
(4816,23)
(74192,13)
(110224,86)
(22016,235)
(27856,26)
(103872,67)
(89296,194)
(115232,238)
(134096,226)
(16432,180)
(94720,93)
(107424,230)
(128128,192)
(86784,35)
(46608,238)
(117392,45)
(102880,217)
(28720,143)
(60704,206)
(45104,12)
(61840,224)
(109936,214)
(42960,39)
(37488,193)
(76288,180)
(27392,230)
(36592,225)
(14544,86)
(113792,155)
(42304,116)
(6912,236)
(119200,229)
(133984,132)
(81648,75)
(118128,120)
(38272,110)
(51200,34)
(12304,212)
(26192,23)
(12512,56)
(133360,25)
(67920,71)
(92240,182)
(127152,47)
(65136,49)
(27984,120)
(77472,178)
(112592,177)
(30880,226)
(5936,31)
(3984,229)
(28048,214)
(18192,24)
(14928,231)
(92368,118)
(16448,164)
(27568,98)
(70624,12)
(7296,13)
(118304,72)
(52448,145)
(91504,212)
(83952,238)
(120784,194)
(96432,26)
(135488,55)
(27600,182)
(63936,24)
(19408,122)
(88336,62)
(27776,157)
(80816,238)
(106336,146)
(111488,153)
(106576,181)
(14736,74)
(23920,239)
(73920,44)
(51520,153)
(48256,72)
(58624,182)
(123568,205)
(65888,47)
(32736,182)
(18048,152)
(87952,218)
(14800,119)
(107552,154)
(68944,223)
(96000,223)
(95216,84)
(56576,226)
(87776,215)
(28880,24)
(5600,73)
(16624,104)
(97056,169)
(106800,180)
(94192,21)
(100496,191)
(30960,95)
(29248,213)
(108080,157)
(125952,182)
(90192,129)
(1744,239)
(65808,171)
(86384,182)
(126944,189)
(115600,212)
(129040,61)
(132240,37)
(18304,239)
(22672,216)
(75040,157)
(120704,48)
(70224,72)
(62352,239)
(132736,201)
(38832,238)
(111904,229)
(32176,95)
(20080,226)
(86368,122)
(123936,193)
(128848,68)
(93680,188)
(102944,231)
(98464,121)
(49328,229)
(99040,191)
(1760,141)
(49472,22)
(60080,231)
(114352,183)
(65104,48)
(105088,83)
(89968,33)
(14000,70)
(14864,50)
(113168,239)
(88128,195)
(50800,121)
(97280,216)
(48624,236)
(108816,193)
(70992,110)
(123296,178)
(9648,228)
(82336,25)
(3392,13)
(87984,86)
(87760,191)
(20720,142)
(18464,211)
(20624,14)
(9552,228)
(23936,177)
(68960,154)
(62208,121)
(58096,224)
(95680,141)
(73104,108)
(116224,229)
(105424,180)
(57744,179)
(15024,144)
(57248,143)
(131680,72)
(15952,12)
(89856,47)
(54624,141)
(58112,239)
(29632,236)
(104160,74)
(74160,133)
(94064,238)
(59696,237)
(108592,21)
(132704,187)
(272,170)
(1584,79)
(112160,69)
(45520,154)
(137744,144)
(78672,156)
(121632,147)
(32464,130)
(122816,183)
(52016,236)
(114976,180)
(109616,73)
(86112,111)
(137648,60)
(36832,238)
(127328,48)
(124272,176)
(123984,70)
(21616,180)
(114480,228)
(35104,193)
(18544,224)
(37776,182)
(39648,228)
(80224,224)
(72896,13)
(60032,133)
(131104,73)
(133248,236)
(84224,223)
(96272,158)
(29664,32)
(16864,79)
(105696,238)
(104032,117)
(117056,14)
(73280,182)
(66928,199)
(95856,216)
(6256,37)
(121504,24)
(32160,195)
(99872,191)
(69056,146)
(63696,190)
(10592,123)
(44832,86)
(78384,182)
(108800,133)
(9136,133)
(33120,182)
(88272,236)
(28896,235)
(69024,182)
(121168,230)
(68528,237)
(129520,86)
(69648,224)
(49584,231)
(24944,229)
(56080,22)
(106144,62)
(121984,26)
(16384,134)
(10976,49)
(83664,47)
(16304,94)
(104672,231)
(107632,49)
(59728,97)
(45808,45)
(33488,223)
(77232,57)
(6000,109)
(109856,91)
(14384,181)
(5296,183)
(39472,68)
(19072,83)
(22576,194)
(93440,99)
(28960,143)
(96336,74)
(87040,228)
(91872,92)
(9232,85)
(8240,213)
(137456,195)
(93248,60)
(82416,204)
(83248,223)
(21776,31)
(33696,228)
(105584,44)
(73760,238)
(64848,96)
(115248,239)
(66752,146)
(27296,229)
(84240,169)
(122160,81)
(52544,182)
(10512,37)
(72816,146)
(99696,181)
(79824,24)
(22864,169)
(6848,236)
(10624,117)
(120512,48)
(121936,237)
(24256,106)
(98048,37)
(7408,229)
(7568,96)
(78976,239)
(16464,26)
(33984,230)
(90544,228)
(93344,60)
(104512,188)
(65392,120)
(57168,49)
(65744,237)
(68704,14)
(99408,121)
(71168,128)
(1328,110)
(117264,169)
(55824,68)
(119648,106)
(44096,75)
(117200,236)
(126528,238)
(74832,116)
(71312,168)
(71136,238)
(78992,115)
(51968,85)
(10480,97)
(101552,131)
(15808,84)
(93888,226)
(81664,180)
(111456,35)
(192,191)
(88592,25)
(121392,236)
(37168,170)
(95648,122)
(106736,188)
(56496,38)
(126704,193)
(2608,170)
(52624,182)
(137536,223)
(38384,237)
(49552,108)
(33680,182)
(91456,13)
(83200,130)
(60720,237)
(20112,224)
(6688,143)
(18720,135)
(14656,170)
(11392,120)
(89312,177)
(78944,188)
(112512,38)
(10784,130)
(136560,47)
(24160,163)
(13776,73)
(40816,226)
(99856,130)
(1104,193)
(133568,122)
(98912,229)
(90528,96)
(92128,92)
(48128,217)
(104640,61)
(25104,23)
(128624,79)
(60448,239)
(60208,238)
(73904,141)
(5504,134)
(84336,24)
(90864,74)
(1296,189)
(114736,133)
(123904,230)
(63904,231)
(46048,214)
(46272,37)
(19424,158)
(38432,194)
(111600,182)
(109040,123)
(137312,217)
(107616,86)
(83520,229)
(2464,154)
(123584,231)
(9568,239)
(132768,168)
(112128,236)
(97936,231)
(90272,122)
(24320,212)
(26800,81)
(15152,238)
(118944,120)
(50688,235)
(101888,217)
(75024,84)
(94016,190)
(100592,224)
(110000,44)
(62800,87)
(76928,195)
(99072,170)
(125504,128)
(126432,129)
(70384,224)
(91200,22)
(92080,182)
(117024,47)
(120192,231)
(123600,228)
(124944,105)
(88848,182)
(12912,154)
(49264,49)
(29088,167)
(60192,134)
(88992,13)
(110256,24)
(129360,191)
(133408,109)
(87312,195)
(58496,190)
(53792,182)
(114064,72)
(82464,93)
(66000,171)
(102928,223)
(26272,216)
(6240,152)
(25872,120)
(1680,86)
(65312,98)
(129552,127)
(91920,97)
(134448,237)
(14912,218)
(111536,159)
(134704,37)
(85872,225)
(7824,239)
(35072,237)
(42160,74)
(3792,190)
(79728,32)
(119472,238)
(62288,238)
(23680,235)
(32096,38)
(48032,164)
(40912,97)
(224,235)
(18560,74)
(43392,120)
(35696,133)
(100720,178)
(54448,187)
(76816,177)
(14320,229)
(108096,216)
(120832,46)
(115040,194)
(95472,14)
(73296,56)
(41200,216)
(41632,51)
(22096,164)
(32288,238)
(97456,120)
(64736,181)
(6464,62)
(1472,237)
(3280,216)
(34736,193)
(43680,191)
(16576,237)
(126160,231)
(12704,24)
(25072,239)
(37616,228)
(47184,177)
(61008,183)
(78496,238)
(70912,190)
(23360,132)
(75264,70)
(78368,157)
(95536,98)
(63968,239)
(30928,159)
(57264,194)
(76992,84)
(102480,238)
(74448,218)
(111984,236)
(75968,225)
(90048,171)
(119248,19)
(5536,181)
(61536,195)
(118080,224)
(12736,181)
(100976,31)
(24832,230)
(33536,81)
(56960,14)
(119216,43)
(55344,212)
(75680,81)
(13472,183)
(75536,230)
(88208,39)
(69936,168)
(112544,158)
(30432,122)
(46784,229)
(23632,189)
(44320,50)
(92048,127)
(107040,87)
(121584,127)
(134384,110)
(49648,191)
(94096,116)
(22912,13)
(43840,191)
(63680,217)
(21568,151)
(11984,212)
(132752,239)
(135120,133)
(51488,144)
(76672,217)
(99264,230)
(114912,134)
(35360,19)
(32000,238)
(52608,12)
(2880,187)
(63440,237)
(12544,140)
(82320,237)
(58416,229)
(43200,190)
(68976,37)
(99120,203)
(29568,87)
(102832,230)
(86912,60)
(76144,168)
(656,231)
(26064,55)
(60800,68)
(76480,238)
(91152,25)
(63632,72)
(105472,156)
(94352,218)
(102992,169)
(56096,224)
(57712,238)
(120960,183)
(26544,84)
(43088,13)
(59904,131)
(125552,121)
(125440,229)
(134528,67)
(136640,141)
(40704,79)
(113152,187)
(102368,79)
(15376,191)
(51936,239)
(53712,180)
(104352,223)
(77296,195)
(87136,238)
(109024,98)
(98816,215)
(77568,182)
(77456,236)
(113344,182)
(81232,230)
(44608,73)
(6160,154)
(40640,67)
(36352,48)
(107504,128)
(36880,38)
(52112,121)
(79200,235)
(66224,235)
(134944,117)
(79504,236)
(44624,238)
(103456,181)
(24096,189)
(29712,36)
(55712,85)
(69968,175)
(58368,87)
(21936,230)
(58208,191)
(96464,238)
(21632,119)
(86832,72)
(135024,169)
(35776,224)
(76016,189)
(108000,182)
(4896,61)
(114208,239)
(17024,228)
(52496,47)
(1824,96)
(129296,14)
(42976,69)
(50592,127)
(85136,181)
(52880,175)
(20864,62)
(75696,12)
(37840,68)
(37104,175)
(79184,44)
(25600,109)
(24704,79)
(11472,134)
(53088,182)
(104624,187)
(99824,231)
(29312,181)
(74560,91)
(39136,180)
(59504,12)
(54896,237)
(66208,134)
(896,73)
(51824,224)
(84272,116)
(135616,120)
(77616,84)
(31168,217)
(107280,229)
(11744,36)
(71344,134)
(130624,144)
(103760,108)
(26416,192)
(105376,238)
(75760,92)
(6272,19)
(75648,146)
(63136,231)
(67808,97)
(91232,103)
(56752,71)
(74000,45)
(120544,212)
(132448,97)
(9888,229)
(45328,31)
(131600,224)
(85232,182)
(84160,56)
(4048,146)
(131200,24)
(125248,218)
(89456,91)
(101728,238)
(4112,236)
(37392,226)
(50272,48)
(6048,187)
(74096,85)
(36272,46)
(77056,235)
(89056,195)
(101904,74)
(128192,214)
(13408,57)
(70688,237)
(45488,44)
(83088,219)
(74176,154)
(136688,239)
(28640,169)
(64496,98)
(74704,163)
(124208,38)
(24848,81)
(134160,153)
(31792,45)
(82752,22)
(46400,83)
(82096,182)
(27424,14)
(123824,231)
(131968,187)
(105712,93)
(20192,182)
(48352,20)
(121712,168)
(37312,73)
(84528,228)
(79424,120)
(126240,194)
(65472,86)
(73648,120)
(42528,178)
(75056,237)
(52032,81)
(90944,74)
(864,39)
(110864,237)
(42560,111)
(46672,13)
(49392,146)
(112336,239)
(90592,237)
(77360,127)
(93424,60)
(66720,72)
(117600,231)
(82192,225)
(21760,229)
(24720,224)
(98256,32)
(10848,135)
(88944,20)
(57232,193)
(124000,193)
(117904,191)
(14784,170)
(67312,103)
(24448,182)
(130576,228)
(19456,115)
(55424,13)
(128768,182)
(47264,193)
(10336,229)
(125008,98)
(135072,218)
(67088,133)
(94288,178)
(58080,121)
(97968,74)
(120864,15)
(137392,163)
(34624,120)
(81728,127)
(106048,195)
(78128,94)
(11616,229)
(101600,92)
(77840,230)
(103728,183)
(102400,34)
(100112,37)
(33344,183)
(96688,86)
(110496,59)
(106832,117)
(130848,94)
(112480,47)
(98592,14)
(134832,22)
(3120,206)
(44528,115)
(95104,13)
(104096,135)
(67776,44)
(132864,236)
(130832,122)
(53536,228)
(95456,121)
(35328,39)
(130064,183)
(72032,176)
(115712,229)
(32992,59)
(47712,21)
(71184,187)
(85120,193)
(9184,154)
(99376,158)
(7808,83)
(100768,24)
(64512,144)
(115440,71)
(83728,158)
(127344,145)
(20208,230)
(28432,224)
(82496,110)
(81328,223)
(120528,25)
(122608,26)
(75824,180)
(118224,50)
(44128,229)
(130288,165)
(4800,236)
(130736,239)
(105120,236)
(35264,177)
(57568,122)
(133680,96)
(42224,182)
(121296,179)
(119040,85)
(89632,237)
(31520,230)
(45792,216)
(86016,110)
(126576,60)
(67408,61)
(113632,62)
(26912,51)
(1312,216)
(61376,230)
(71840,225)
(11312,187)
(23152,67)
(15504,217)
(29760,93)
(52672,195)
(82080,120)
(45936,236)
(72928,212)
(113232,170)
(51424,225)
(31456,206)
(74464,217)
(75568,230)
(31216,195)
(59440,156)
(8544,223)
(39584,31)
(24880,238)
(90720,235)
(48608,239)
(58400,51)
(92848,110)
(114048,182)
(68640,224)
(138112,105)
(93488,165)
(130704,182)
(10320,129)
(81440,163)
(96992,61)
(126624,107)
(28288,70)
(66016,135)
(67376,230)
(103216,55)
(126816,224)
(78160,157)
(40336,94)
(33728,182)
(35728,140)
(44176,182)
(130304,182)
(131488,74)
(58944,128)
(123168,223)
(89696,61)
(2960,230)
(31152,120)
(29824,81)
(54464,239)
(124096,170)
(19488,223)
(27280,156)
(68368,94)
(94512,120)
(106240,27)
(19472,170)
(11120,226)
(28272,157)
(120688,91)
(133856,237)
(15536,128)
(91840,134)
(11008,98)
(19952,121)
(79744,231)
(93952,147)
(9792,129)
(16288,229)
(102192,128)
(15840,236)
(66848,157)
(53520,74)
(10960,128)
(8720,218)
(13104,216)
(9264,115)
(98976,236)
(122720,238)
(135280,191)
(64000,67)
(26976,181)
(81552,116)
(20544,47)
(20288,105)
(9456,34)
(15216,224)
(37936,83)
(106128,99)
(8992,228)
(53840,225)
(60096,154)
(91792,171)
(96208,25)
(103344,116)
(26256,231)
(108960,13)
(107008,153)
(27472,158)
(116928,231)
(1664,157)
(91632,85)
(86992,108)
(134880,216)
(87552,106)
(58464,24)
(3136,238)
(15264,191)
(73440,193)
(63056,228)
(44160,159)
(54832,71)
(133216,238)
(94928,207)
(97760,189)
(21072,146)
(27072,61)
(117328,79)
(50496,67)
(56160,85)
(98896,229)
(69760,237)
(1696,193)
(41120,72)
(24192,12)
(20336,225)
(69904,181)
(85744,182)
(96976,193)
(65232,74)
(122768,181)
(136720,62)
(24496,97)
(49088,177)
(91328,97)
(107120,75)
(37152,107)
(96960,228)
(59024,228)
(13184,133)
(93936,237)
(99280,218)
(131872,191)
(61600,109)
(81744,193)
(121440,230)
(65344,224)
(17424,231)
(75584,228)
(87968,15)
(103232,81)
(54016,130)
(71120,239)
(96736,165)
(17440,129)
(2736,187)
(40432,12)
(107296,63)
(36608,109)
(69120,231)
(93280,207)
(26128,27)
(108048,238)
(45568,13)
(65280,237)
(9600,216)
(40288,72)
(132528,224)
(43568,133)
(67568,62)
(7104,108)
(8448,182)
(137664,151)
(116800,178)
(129792,111)
(23696,79)
(68624,217)
(24624,74)
(92656,182)
(93584,237)
(131984,229)
(121728,141)
(67152,25)
(8288,229)
(78304,215)
(70112,166)
(13552,237)
(50992,225)
(115376,182)
(20400,193)
(117472,188)
(38800,60)
(54128,170)
(134192,109)
(11056,215)
(10800,79)
(138080,182)
(98656,103)
(52736,239)
(38032,84)
(33776,98)
(8672,48)
(69200,26)
(52976,84)
(80608,217)
(76832,49)
(49776,93)
(106176,239)
(55984,202)
(24128,70)
(6512,120)
(38976,225)
(118096,21)
(121408,176)
(55440,181)
(79456,229)
(14352,228)
(40464,132)
(60352,48)
(128288,141)
(39344,122)
(82816,193)
(23792,182)
(46288,239)
(122176,38)
(71296,237)
(65632,239)
(80688,63)
(102208,83)
(46848,129)
(48656,58)
(118064,195)
(57040,22)
(125456,13)
(89904,224)
(105920,108)
(136976,224)
(130656,218)
(29360,177)
(47408,212)
(77776,131)
(34912,237)
(117440,193)
(123248,170)
(5072,105)
(49424,223)
(98176,36)
(57856,15)
(5376,84)
(64416,24)
(132464,133)
(12880,230)
(55248,86)
(31488,228)
(41760,228)
(125920,195)
(38784,43)
(20912,73)
(121792,171)
(84912,110)
(126608,26)
(111280,144)
(67536,193)
(70960,180)
(76128,83)
(31248,238)
(18512,223)
(80048,189)
(50160,84)
(67168,224)
(8368,182)
(106544,98)
(97888,93)
(4576,169)
(92144,228)
(94080,120)
(102464,238)
(33568,191)
(5584,82)
(1008,218)
(65360,218)
(91168,230)
(81408,230)
(85216,85)
(26432,218)
(136544,239)
(96640,82)
(132224,182)
(52800,38)
(71216,228)
(33904,50)
(88080,108)
(108016,182)
(36528,80)
(108944,170)
(124304,85)
(135216,98)
(113968,120)
(67888,177)
(37536,163)
(18960,93)
(95392,120)
(74992,182)
(25088,50)
(22976,195)
(23664,145)
(113888,230)
(93296,106)
(130752,86)
(66496,228)
(1872,34)
(46176,230)
(59872,193)
(2512,237)
(5968,58)
(65648,108)
(108144,217)
(47728,121)
(77248,237)
(114640,20)
(54352,238)
(40720,37)
(117616,188)
(89808,15)
(64528,169)
(11856,194)
(133392,228)
(29584,80)
(74912,182)
(119360,85)
(61232,24)
(97872,193)
(106992,225)
(80080,20)
(26048,45)
(122240,239)
(94480,37)
(69504,169)
(34944,39)
(15136,49)
(48400,237)
(31088,117)
(92224,182)
(22544,85)
(129968,177)
(29216,86)
(77888,239)
(104016,224)
(138416,35)
(2784,236)
(126544,142)
(135520,226)
(28464,104)
(125200,175)
(36064,189)
(77504,192)
(47936,134)
(30064,223)
(78880,24)
(108688,130)
(127840,152)
(114528,218)
(101776,181)
(94960,199)
(127632,142)
(16944,37)
(136256,214)
(5328,115)
(7712,60)
(19168,134)
(57136,146)
(99232,218)
(108528,230)
(24960,228)
(93648,216)
(87712,143)
(90480,231)
(136656,55)
(100512,128)
(76960,195)
(90672,85)
(127184,179)
(124672,182)
(59600,26)
(26288,213)
(2240,73)
(7312,48)
(43536,178)
(59008,239)
(103552,84)
(45856,188)
(73952,20)
(118176,193)
(15008,177)
(50032,45)
(62032,37)
(101088,96)
(8384,193)
(125088,180)
(25120,121)
(56272,71)
(119984,223)
(82672,223)
(35888,74)
(133264,229)
(96944,191)
(67904,195)
(116032,176)
(17600,180)
(138256,92)
(118752,20)
(118976,122)
(29536,15)
(80992,144)
(104496,151)
(84704,140)
(94592,195)
(31280,111)
(108848,183)
(28352,228)
(115024,44)
(63200,50)
(45744,165)
(87600,191)
(63584,108)
(86944,133)
(72336,217)
(86640,35)
(125344,15)
(22608,73)
(55552,127)
(5824,236)
(100944,235)
(5440,24)
(36176,79)
(105280,177)
(51712,151)
(7088,151)
(48688,131)
(81584,228)
(129808,217)
(44800,169)
(87888,31)
(42336,111)
(12416,212)
(103248,182)
(80304,19)
(121344,177)
(124704,229)
(12256,98)
(27312,129)
(46304,212)
(72144,193)
(77344,12)
(95312,117)
(13984,237)
(15296,193)
(23856,34)
(46160,79)
(130928,223)
(4624,133)
(9344,237)
(123360,183)
(10544,169)
(73360,230)
(126128,177)
(39424,230)
(99440,176)
(86528,38)
(48304,231)
(132960,169)
(92480,35)
(91408,168)
(41888,120)
(126672,195)
(69568,121)
(88048,168)
(93104,178)
(85392,86)
(66336,49)
(21392,24)
(119168,235)
(26784,32)
(119696,182)
(27488,229)
(40944,187)
(53312,37)
(36448,50)
(5696,21)
(87392,189)
(58848,177)
(8768,97)
(19904,223)
(42992,230)
(109216,229)
(77632,216)
(106448,132)
(104720,156)
(65936,71)
(71776,84)
(13424,86)
(138400,236)
(106400,168)
(135824,121)
(108304,24)
(81680,178)
(132496,120)
(44944,228)
(78848,218)
(111808,181)
(101536,131)
(15776,37)
(79232,182)
(32320,14)
(10032,103)
(96496,230)
(116656,58)
(108368,237)
(105072,195)
(87264,127)
(119616,108)
(97824,195)
(116880,37)
(18912,194)
(2576,239)
(28384,84)
(74688,117)
(95408,182)
(57488,151)
(58128,230)
(136768,191)
(130032,211)
(88000,195)
(7952,170)
(82688,127)
(110016,121)
(46832,236)
(131472,229)
(122384,86)
(18480,171)
(131648,226)
(116944,39)
(880,123)
(33296,27)
(122960,81)
(50768,151)
(118624,236)
(53920,204)
(91376,225)
(68080,140)
(72064,238)
(58288,131)
(117232,25)
(6768,239)
(132336,95)
(102384,157)
(119424,13)
(108496,182)
(125856,229)
(68048,225)
(111584,169)
(31712,21)
(6400,24)
(29696,171)
(61696,99)
(68656,145)
(73072,97)
(94048,235)
(97648,26)
(47216,229)
(121856,132)
(18928,115)
(11440,153)
(134624,86)
(7136,229)
(52400,61)
(101344,109)
(32752,225)
(52192,25)
(64688,204)
(114544,109)
(42928,123)
(58240,182)
(54672,169)
(62912,62)
(92384,181)
(73168,86)
(123440,96)
(79072,37)
(160,236)
(72176,80)
(85504,218)
(132688,73)
(128432,217)
(5136,140)
(83072,111)
(37728,96)
(41456,134)
(132032,239)
(90992,157)
(70768,39)
(10176,145)
(23136,229)
(90304,193)
(132112,187)
(114672,239)
(45408,121)
(67200,237)
(47664,229)
(58928,238)
(53568,168)
(66352,204)
(80976,231)
(30688,19)
(78544,237)
(113328,105)
(118656,229)
(528,141)
(17296,24)
(98384,12)
(113744,146)
(22768,230)
(30784,109)
(128592,141)
(98160,86)
(87648,228)
(2912,217)
(116112,109)
(137472,118)
(48176,228)
(71088,127)
(100912,108)
(12496,187)
(3296,82)
(3568,142)
(60272,86)
(8032,85)
(70944,224)
(105328,144)
(4304,216)
(38048,50)
(109456,36)
(96176,59)
(60752,46)
(111200,60)
(46800,133)
(108112,190)
(7168,19)
(46896,178)
(55776,43)
(85888,152)
(15680,127)
(122656,238)
(73120,230)
(120480,231)
(122864,216)
(48704,146)
(60768,23)
(33600,143)
(46096,235)
(132800,61)
(39312,130)
(65872,14)
(4128,229)
(105616,13)
(34928,121)
(56288,61)
(35008,225)
(33552,230)
(83568,229)
(118736,97)
(115184,238)
(65504,104)
(129136,95)
(64144,195)
(53472,24)
(29600,106)
(49104,225)
(80832,194)
(113552,130)
(7632,49)
(56720,99)
(84720,145)
(69856,218)
(36992,228)
(75520,180)
(121840,157)
(56144,128)
(70048,105)
(98560,104)
(54544,85)
(10560,123)
(24928,129)
(80256,129)
(123808,236)
(51264,238)
(132672,144)
(94896,238)
(104752,110)
(114272,158)
(27328,228)
(46688,61)
(40880,14)
(62144,87)
(90512,231)
(105680,191)
(42688,44)
(108400,120)
(42576,74)
(122080,191)
(29152,180)
(2976,48)
(32384,215)
(97712,235)
(16496,218)
(117744,193)
(130240,183)
(89008,132)
(129312,180)
(70464,229)
(86432,190)
(22128,144)
(20608,182)
(106080,236)
(43968,73)
(88928,86)
(69424,72)
(114192,229)
(95424,62)
(26464,84)
(20272,127)
(118528,25)
(135696,192)
(2352,23)
(9008,119)
(99328,182)
(3328,143)
(86336,175)
(104208,169)
(99184,182)
(135776,239)
(130864,194)
(123536,72)
(62944,239)
(113472,237)
(6592,170)
(23088,75)
(25536,236)
(34896,190)
(79888,171)
(17216,163)
(97040,231)
(118544,158)
(57872,237)
(75744,207)
(2080,169)
(124128,43)
(101936,24)
(76880,236)
(27936,212)
(81184,170)
(130192,71)
(101568,122)
(21296,95)
(7376,216)
(36032,229)
(720,231)
(131936,180)
(111328,158)
(129264,239)
(22304,34)
(76032,228)
(54800,170)
(64720,224)
(127408,110)
(109072,228)
(17536,26)
(25968,182)
(66432,120)
(108256,59)
(64432,56)
(5216,109)
(113760,43)
(17744,156)
(23456,156)
(101712,81)
(55872,237)
(114256,180)
(97152,37)
(133168,48)
(94336,37)
(107104,229)
(134592,238)
(88832,55)
(121568,39)
(122448,130)
(125104,211)
(92896,99)
(138352,216)
(78640,96)
(50784,238)
(73456,238)
(128960,175)
(33888,237)
(4480,236)
(88032,96)
(59792,134)
(91280,171)
(6704,44)
(34512,230)
(112080,140)
(116016,180)
(101248,216)
(11792,224)
(95936,31)
(5168,237)
(7792,237)
(50736,133)
(18032,230)
(135184,224)
(96672,213)
(39040,36)
(22624,228)
(43424,135)
(39792,20)
(56320,237)
(44880,44)
(40480,175)
(92912,123)
(53904,157)
(12864,188)
(116160,25)
(44464,46)
(62416,157)
(117968,224)
(34272,72)
(59536,26)
(56000,231)
(76208,120)
(107664,224)
(96624,190)
(107024,194)
(109360,22)
(8112,103)
(39152,237)
(126176,116)
(98944,179)
(100016,190)
(119376,60)
(48144,155)
(53248,213)
(125664,223)
(12336,181)
(53488,195)
(122432,182)
(8480,159)
(50640,96)
(56416,117)
(56992,84)
(28336,62)
(64016,91)
(12096,146)
(128896,205)
(103424,225)
(28480,32)
(48320,212)
(80192,49)
(4944,31)
(14608,182)
(54480,237)
(74416,171)
(124608,49)
(138272,169)
(86192,106)
(19968,63)
(68784,239)
(101456,98)
(32848,178)
(25376,67)
(89440,236)
(92880,231)
(135600,87)
(6144,230)
(69312,231)
(1216,190)
(96288,109)
(22704,133)
(31824,159)
(108624,177)
(131296,165)
(16832,62)
(27968,115)
(46912,146)
(114608,195)
(122944,26)
(28528,60)
(15600,86)
(61616,67)
(11968,143)
(121456,93)
(120432,24)
(5984,193)
(17664,178)
(28112,73)
(98336,34)
(44960,43)
(103648,85)
(25584,238)
(20752,171)
(3664,74)
(122528,159)
(129984,36)
(11712,128)
(39104,117)
(90688,194)
(94272,237)
(62624,61)
(99632,239)
(6720,67)
(131760,181)
(123280,239)
(68176,60)
(127744,236)
(10880,237)
(83232,62)
(41792,163)
(123008,108)
(128000,19)
(32448,194)
(24528,146)
(22512,73)
(48016,103)
(70192,22)
(38240,48)
(30048,12)
(10432,13)
(77120,59)
(117872,231)
(69840,238)
(14208,223)
(55904,119)
(131856,181)
(50304,63)
(20480,85)
(41424,98)
(80880,187)
(73392,84)
(75776,230)
(118816,117)
(132944,177)
(116336,175)
(83408,239)
(26528,135)
(95952,132)
(72768,229)
(138144,121)
(44784,212)
(34688,159)
(77376,236)
(128240,238)
(60576,151)
(106416,115)
(41056,110)
(70080,218)
(101328,120)
(58320,122)
(114880,239)
(102720,73)
(38496,24)
(49952,178)
(104976,156)
(3536,180)
(91184,87)
(99792,181)
(42320,85)
(49376,216)
(21168,74)
(86272,154)
(20656,118)
(47344,239)
(18384,170)
(131120,39)
(72016,178)
(89584,55)
(26720,191)
(83968,21)
(1904,230)
(65296,223)
(133280,181)
(67392,207)
(59840,119)
(86256,111)
(72128,55)
(134896,127)
(9616,168)
(19872,157)
(86160,134)
(97808,158)
(136848,235)
(29168,155)
(32576,26)
(102016,224)
(83120,95)
(102816,195)
(47024,239)
(67792,84)
(26656,207)
(58048,230)
(136928,195)
(137376,231)
(31808,60)
(99728,164)
(115344,37)
(31392,99)
(111616,216)
(21424,85)
(81776,82)
(10368,231)
(70416,98)
(17184,59)
(62304,193)
(137824,195)
(74944,56)
(62784,85)
(18432,44)
(76272,111)
(87024,91)
(20832,177)
(99712,80)
(113648,180)
(91024,103)
(74640,238)
(130352,85)
(113616,50)
(40960,38)
(134960,170)
(41776,99)
(62752,36)
(79648,59)
(105936,167)
(50624,132)
(10992,118)
(33248,169)
(37408,182)
(6752,116)
(96320,108)
(38224,182)
(110240,159)
(20224,139)
(83424,238)
(61648,14)
(68352,230)
(107152,133)
(137440,140)
(7696,216)
(128,214)
(71456,109)
(124736,98)
(54608,110)
(20528,142)
(31296,110)
(26384,238)
(44016,130)
(76256,120)
(35056,168)
(80336,130)
(109504,182)
(99200,128)
(47648,238)
(77536,104)
(960,238)
(13456,225)
(56064,195)
(116400,72)
(55456,212)
(49296,14)
(122512,108)
(27104,217)
(35872,48)
(45216,195)
(25152,55)
(35392,236)
(68800,181)
(92944,97)
(55328,127)
(1840,129)
(24080,194)
(37200,97)
(53664,48)
(37056,225)
(103408,119)
(123312,131)
(113248,49)
(132592,207)
(112688,105)
(61504,98)
(101984,216)
(63216,106)
(61904,218)
(119232,48)
(67328,48)
(34304,194)
(56304,110)
(16128,79)
(130512,130)
(57120,236)
(512,44)
(118032,121)
(64352,14)
(15984,23)
(125824,238)
(59296,86)
(113952,223)
(17328,111)
(133920,231)
(82128,61)
(32544,229)
(101424,180)
(121904,24)
(127888,59)
(100848,108)
(132784,182)
(122560,118)
(70256,177)
(84560,229)
(51600,110)
(116256,134)
(129664,239)
(13760,127)
(97952,170)
(99920,144)
(24560,48)
(25888,194)
(46432,60)
(91712,158)
(67040,36)
(132576,146)
(118016,97)
(48496,237)
(69744,154)
(52128,217)
(74336,62)
(115008,207)
(102448,193)
(121824,120)
(15936,237)
(62400,228)
(101120,14)
(5312,226)
(43696,180)
(101616,212)
(64304,121)
(42656,180)
(57200,146)
(64544,229)
(74128,238)
(62592,39)
(116352,229)
(59392,48)
(128352,130)
(106880,104)
(90224,237)
(19104,26)
(81008,190)
(119328,110)
(129472,122)
(37632,195)
(39536,86)
(66784,155)
(35584,191)
(62656,110)
(12720,224)
(8624,145)
(61136,73)
(73040,12)
(75312,49)
(68304,32)
(111072,71)
(64384,218)
(115072,115)
(125696,98)
(17840,60)
(46352,120)
(126384,178)
(80112,143)
(23248,51)
(51088,224)
(85760,237)
(89488,237)
(104304,97)
(54976,129)
(130896,97)
(133424,73)
(78688,110)
(43008,116)
(95344,61)
(52912,152)
(107696,115)
(132880,85)
(108512,120)
(3824,236)
(12192,194)
(79856,225)
(72832,98)
(93600,230)
(126496,235)
(87120,74)
(106784,238)
(4512,239)
(16096,230)
(40736,33)
(33504,170)
(135984,60)
(132912,144)
(63408,36)
(29552,86)
(83264,195)
(101680,110)
(121008,33)
(134976,85)
(134512,50)
(4768,239)
(20640,230)
(52416,116)
(73488,169)
(84432,59)
(133184,67)
(62016,193)
(76544,230)
(89216,145)
(35168,115)
(16608,223)
(41344,43)
(27376,181)
(95984,190)
(68896,182)
(116864,94)
(3104,180)
(52224,228)
(91088,81)
(101472,123)
(42080,230)
(1184,228)
(5552,95)
(30320,139)
(67472,229)
(48768,230)
(86064,194)
(50128,223)
(91984,83)
(41328,237)
(46320,169)
(51312,111)
(55664,144)
(107328,181)
(104384,238)
(21648,60)
(48912,14)
(100176,204)
(32560,48)
(3648,86)
(124288,103)
(32896,128)
(124336,204)
(59056,217)
(8464,168)
(31728,175)
(120112,25)
(78928,145)
(1856,195)
(61680,224)
(100352,143)
(107680,178)
(28912,237)
(125328,206)
(110656,80)
(54704,44)
(117568,180)
(13840,238)
(47440,93)
(3312,147)
(63088,237)
(118480,212)
(106960,223)
(13232,236)
(114368,120)
(73728,229)
(89152,182)
(6832,22)
(25904,188)
(72512,121)
(22000,84)
(134080,14)
(56400,163)
(44656,26)
(8064,228)
(120144,153)
(96768,73)
(10272,111)
(70496,109)
(127584,34)
(85104,176)
(75872,122)
(136384,120)
(45440,85)
(27440,154)
(82576,128)
(79792,144)
(33088,121)
(64192,236)
(38000,33)
(119456,12)
(107200,49)
(103152,230)
(46000,226)
(132192,216)
(96352,120)
(122128,237)
(34336,154)
(67552,120)
(6800,216)
(10096,180)
(34064,183)
(130912,238)
(127392,104)
(103392,226)
(109376,236)
(21872,190)
(62320,188)
(102592,236)
(46864,145)
(129440,190)
(113056,216)
(120064,238)
(78736,97)
(101872,177)
(4704,213)
(105136,128)
(104368,187)
(59552,163)
(76320,144)
(47744,145)
(96064,182)
(106864,120)
(97392,48)
(93200,237)
(33840,191)
(57312,238)
(34320,79)
(120368,216)
(59648,214)
(116432,59)
(111024,182)
(100192,158)
(45152,237)
(135504,178)
(29920,223)
(72608,238)
(97488,75)
(47920,229)
(90624,122)
(38416,117)
(129392,96)
(53040,238)
(68688,133)
(17472,74)
(64160,67)
(136288,193)
(53632,157)
(79584,83)
(43920,238)
(31360,183)
(51568,132)
(76400,139)
(78320,154)
(128160,15)
(46944,239)
(71904,237)
(136592,169)
(115584,110)
(12560,39)
(70832,182)
(8608,115)
(40192,25)
(7504,168)
(127904,122)
(55120,177)
(100080,237)
(39120,119)
(88064,228)
(69888,38)
(87280,194)
(84928,228)
(126464,127)
(40016,24)
(56176,216)
(77600,107)
(19504,169)
(126016,108)
(138464,155)
(20064,121)
(29904,44)
(93568,72)
(50720,46)
(14480,59)
(97856,109)
(126224,48)
(120000,217)
(103136,121)
(14112,229)
(117344,85)
(47632,212)
(38400,229)
(64208,217)
(90976,73)
(102032,104)
(61184,235)
(33616,225)
(64592,59)
(99936,228)
(51856,237)
(82896,110)
(132272,157)
(72112,212)
(86512,106)
(36144,224)
(23040,95)
(44640,170)
(56688,171)
(16016,83)
(81216,22)
(36288,104)
(49568,231)
(88752,207)
(132512,238)
(87808,128)
(16720,216)
(58064,73)
(85344,195)
(15184,159)
(119792,235)
(57696,191)
(61360,223)
(80032,213)
(34880,24)
(113104,105)
(2336,129)
(99056,13)
(108560,225)
(62880,170)
(28144,48)
(51648,99)
(89648,180)
(62336,38)
(98960,86)
(63072,20)
(33376,49)
(98528,46)
(55840,239)
(116320,123)
(27216,20)
(48784,48)
(91136,235)
(49488,194)
(123712,31)
(138128,170)
(62176,177)
(33200,99)
(62160,46)
(28304,109)
(46720,189)
(115264,21)
(89408,226)
(106288,158)
(90880,43)
(21248,99)
(28848,92)
(94224,24)
(54944,236)
(54768,177)
(107840,231)
(127760,158)
(134768,146)
(138384,230)
(95072,224)
(82400,129)
(133808,153)
(127200,205)
(5568,236)
(15472,190)
(24240,158)
(48000,32)
(68320,183)
(81168,182)
(117120,46)
(121616,37)
(106928,237)
(46880,61)
(114960,45)
(18672,167)
(134656,127)
(15456,217)
(53264,202)
(11648,182)
(30768,216)
(124816,69)
(3344,97)
(80864,55)
(56832,81)
(33648,189)
(41360,144)
(137616,38)
(57472,111)
(76000,237)
(37008,120)
(32256,20)
(58224,26)
(11728,117)
(109120,146)
(28800,127)
(5232,169)
(95056,187)
(129888,27)
(51872,229)
(55952,132)
(130608,22)
(118704,180)
(132832,230)
(109632,215)
(69824,122)
(61968,82)
(79104,158)
(49824,132)
(110560,38)
(98416,73)
(78624,177)
(87056,26)
(98400,133)
(90368,120)
(96784,31)
(29792,182)
(45888,132)
(41584,177)
(137936,48)
(89664,181)
(42048,194)
(33360,230)
(19648,68)
(34032,37)
(28544,130)
(42000,158)
(101184,231)
(72672,86)
(19536,168)
(82224,110)
(12240,13)
(88864,228)
(82784,108)
(8560,145)
(101152,194)
(102240,71)
(119840,140)
(56128,179)
(119632,154)
(102704,82)
(22288,44)
(28944,193)
(64464,97)
(43120,218)
(106720,237)
(110320,206)
(22720,12)
(108032,84)
(42704,157)
(13968,229)
(752,193)
(55104,228)
(121552,14)
(83920,195)
(117936,211)
(464,111)
(110624,129)
(84992,121)
(81920,195)
(117072,193)
(35504,195)
(63456,132)
(31680,168)
(109776,58)
(130000,193)
(77552,237)
(114928,237)
(54512,229)
(40064,152)
(65840,229)
(92592,27)
(123504,216)
(127504,237)
(39456,229)
(133088,193)
(12448,228)
(124720,81)
(112416,170)
(94848,51)
(46496,212)
(992,68)
(68128,96)
(90064,68)
(30816,72)
(58304,86)
(127936,158)
(122208,86)
(24400,110)
(127216,226)
(70320,212)
(65328,158)
(44576,68)
(107168,72)
(120816,107)
(127488,226)
(133600,111)
(11936,195)
(96832,206)
(102624,182)
(133104,96)
(129632,58)
(106640,117)
(85904,228)
(52576,93)
(31312,182)
(90800,218)
(110816,79)
(8912,132)
(75248,192)
(95136,194)
(80544,187)
(33952,170)
(116624,179)
(14672,169)
(11024,97)
(24352,154)
(125216,182)
(43472,117)
(9952,176)
(85312,239)
(94400,37)
(97408,146)
(10496,183)
(8848,144)
(12784,193)
(68400,187)
(38560,157)
(74032,239)
(85456,182)
(137552,91)
(50832,229)
(32304,193)
(82864,238)
(83712,207)
(24592,226)
(52176,110)
(91808,118)
(32960,237)
(131136,238)
(85936,120)
(18816,168)
(7872,141)
(103376,48)
(119760,226)
(52528,144)
(42880,177)
(48288,145)
(50000,238)
(117280,96)
(136208,181)
(73552,238)
(35184,96)
(47424,122)
(57104,57)
(7552,205)
(134848,156)
(37040,37)
(15728,158)
(88528,74)
(30560,70)
(65056,212)
(118432,144)
(108192,61)
(113808,237)
(104912,218)
(126000,12)
(60592,56)
(54720,108)
(34608,230)
(130016,229)
(74272,26)
(134464,193)
(125680,195)
(40368,189)
(41984,135)
(71488,158)
(94304,83)
(138336,59)
(77728,223)
(64080,59)
(66160,239)
(113440,237)
(86560,75)
(71632,151)
(672,48)
(133376,127)
(68912,94)
(92864,85)
(117888,13)
(52080,108)
(80640,111)
(15824,21)
(88224,118)
(113504,176)
(21984,195)
(73184,193)
(129408,230)
(84304,236)
(24816,110)
(42096,38)
(93824,193)
(113680,189)
(102800,130)
(125280,120)
(130416,50)
(103632,49)
(62432,145)
(95824,85)
(80912,32)
(48224,44)
(57920,135)
(57632,180)
(133824,181)
(65696,229)
(85952,218)
(28416,99)
(88640,105)
(42832,237)
(96384,106)
(129696,216)
(89616,237)
(31584,98)
(13152,216)
(109984,106)
(37664,157)
(120160,238)
(2992,72)
(63952,206)
(85552,194)
(35968,62)
(112256,45)
(124464,132)
(48864,133)
(51776,93)
(73840,169)
(112192,49)
(123072,236)
(105568,24)
(12016,61)
(47792,129)
(54048,216)
(85808,72)
(72192,60)
(14576,48)
(23712,120)
(105440,156)
(114592,228)
(112048,229)
(75920,229)
(27520,201)
(38512,195)
(54320,14)
(41520,15)
(12576,238)
(1728,68)
(54736,157)
(72240,131)
(25136,228)
(20048,158)
(63120,158)
(41488,84)
(65856,44)
(125568,188)
(48272,20)
(7984,239)
(28784,127)
(59888,225)
(82944,182)
(133136,189)
(89600,144)
(71984,84)
(28128,229)
(51136,195)
(86736,121)
(47360,121)
(74864,110)
(11920,141)
(117408,229)
(56768,238)
(72848,217)
(126720,130)
(22432,108)
(63024,96)
(94032,195)
(108448,231)
(110176,105)
(95200,146)
(33520,170)
(16032,170)
(113872,228)
(61728,23)
(73232,133)
(100288,45)
(70656,179)
(123232,193)
(47888,61)
(20432,111)
(27264,130)
(49536,139)
(31744,13)
(107536,224)
(42032,22)
(51296,111)
(69232,147)
(39520,119)
(110192,230)
(124032,224)
(4848,187)
(33072,111)
(42736,132)
(129104,26)
(112976,37)
(92560,239)
(9472,57)
(135344,73)
(71360,132)
(80176,122)
(116144,157)
(36928,194)
(75328,120)
(61520,134)
(114816,239)
(2160,98)
(90208,51)
(116384,195)
(78608,238)
(79488,135)
(89392,44)
(20944,182)
(2000,85)
(84128,236)
(101408,180)
(108416,13)
(69296,223)
(117728,19)
(26832,195)
(54224,182)
(42752,98)
(128560,224)
(9776,239)
(98544,176)
(57776,237)
(37216,195)
(102112,156)
(8864,20)
(1408,32)
(4144,32)
(20320,109)
(91696,236)
(137152,231)
(8704,236)
(43664,193)
(17520,195)
(82048,128)
(118336,145)
(9696,217)
(123408,189)
(64560,226)
(76496,238)
(22064,236)
(23968,140)
(133520,163)
(35312,120)
(15328,122)
(63264,195)
(97328,60)
(32400,32)
(101168,48)
(109824,239)
(49456,182)
(4400,50)
(14560,171)
(50480,91)
(85856,85)
(125872,226)
(63376,230)
(48240,111)
(74240,166)
(4832,236)
(43328,238)
(100416,189)
(30576,133)
(82880,91)
(68496,217)
(110480,72)
(135152,48)
(94704,61)
(137504,39)
(30192,194)
(105824,61)
(97680,116)
(41840,168)
(125632,225)
(43872,32)
(53104,176)
(42368,68)
(89168,156)
(19136,182)
(20512,80)
(53648,224)
(89424,236)
(80752,235)
(11808,218)
(77424,12)
(43728,144)
(18864,216)
(35904,163)
(96112,50)
(120240,223)
(136192,82)
(58800,191)
(76368,79)
(132560,193)
(106848,73)
(91568,141)
(134256,170)
(25984,179)
(15696,50)
(92992,26)
(14064,239)
(71520,74)
(104224,86)
(36720,105)
(50816,94)
(132000,235)
(74304,169)
(118400,93)
(27760,56)
(67344,111)
(67760,230)
(95280,230)
(70720,121)
(70752,98)
(8176,230)
(122672,179)
(52960,158)
(134224,177)
(11104,231)
(62272,236)
(75904,109)
(56448,175)
(18592,120)
(80,216)
(8880,22)
(9712,228)
(82384,183)
(40320,82)
(74064,156)
(352,238)
(47328,195)
(1056,164)
(32880,91)
(136032,143)
(34768,34)
(7936,120)
(1936,181)
(46512,74)
(76240,182)
(99776,127)
(93504,120)
(49984,61)
(90704,238)
(98240,228)
(36960,212)
(38720,22)
(44864,134)
(101136,91)
(101744,182)
(78864,225)
(7424,21)
(95264,225)
(30240,82)
(105648,230)
(121024,34)
(13600,93)
(41024,156)
(28064,175)
(106304,120)
(11376,238)
(37120,73)
(50256,171)
(93360,177)
(61888,169)
(48048,237)
(114768,182)
(12848,224)
(127952,229)
(134576,110)
(116784,183)
(127776,75)
(36736,133)
(96720,142)
(58528,238)
(112272,152)
(44064,118)
(76512,121)
(7040,110)
(130432,187)
(138096,224)
(10256,21)
(31056,122)
(86224,158)
(49712,106)
(130256,32)
(95760,122)
(89344,25)
(3152,191)
(16752,32)
(1456,25)
(34656,84)
(94992,236)
(133056,144)
(99552,163)
(110672,36)
(83328,110)
(30656,182)
(19552,229)
(87488,130)
(75472,111)
(3840,14)
(82832,168)
(52144,70)
(115168,127)
(115664,228)
(118992,50)
(24144,178)
(5664,127)
(11296,144)
(42896,192)
(4496,216)
(44912,231)
(8256,12)
(8096,239)
(19808,117)
(126864,152)
(16880,182)
(73520,207)
(24800,48)
(83776,55)
(57904,239)
(63104,237)
(73312,38)
(83392,130)
(99568,104)
(45680,226)
(82240,154)
(58144,134)
(134304,71)
(17088,226)
(64752,231)
(92496,93)
(13824,195)
(31696,168)
(24912,204)
(87616,229)
(46064,231)
(116528,86)
(24416,36)
(79056,178)
(105360,216)
(39392,216)
(48,223)
(50576,195)
(126976,159)
(26992,229)
(89120,79)
(58608,107)
(43104,180)
(119552,104)
(62720,239)
(10464,225)
(67008,238)
(85568,238)
(131568,168)
(448,121)
(100880,230)
(130880,195)
(53280,235)
(26512,38)
(36480,51)
(80960,229)
(137584,87)
(115088,229)
(16416,158)
(26960,13)
(49904,26)
(78192,194)
(39760,61)
(74880,120)
(104336,27)
(91744,145)
(128816,85)
(114848,226)
(12176,226)
(137104,229)
(135472,110)
(36240,181)
(70400,158)
(110416,212)
(117824,182)
(136112,55)
(2848,183)
(58480,43)
(66144,80)
(106112,145)
(30480,236)
(25328,236)
(53808,123)
(111632,154)
(131008,239)
(14816,104)
(33024,180)
(79408,237)
(44352,239)
(35440,214)
(4064,191)
(52096,225)
(75136,213)
(52848,191)
(83792,71)
(74800,170)
(73136,229)
(48736,72)
(27136,237)
(62528,118)
(39744,195)
(70160,86)
(39920,168)
(15520,183)
(36080,238)
(38176,237)
(8736,44)
(84208,58)
(106064,226)
(125152,96)
(87376,133)
(72256,237)
(96528,58)
(56560,93)
(135136,238)
(132480,85)
(78016,144)
(80432,181)
(107408,132)
(91584,169)
(37072,33)
(103968,67)
(53024,157)
(68208,239)
(102512,91)
(80896,67)
(108384,182)
(11344,36)
(122848,139)
(48896,217)
(44192,146)
(11952,120)
(13248,238)
(104800,236)
(74112,182)
(38480,71)
(84672,60)
(88576,25)
(12000,120)
(91664,229)
(92112,158)
(84080,43)
(87568,194)
(113664,122)
(7120,104)
(16736,73)
(51888,182)
(34704,228)
(136752,238)
(123616,179)
(124432,239)
(113456,163)
(116064,79)
(45344,151)
(135392,218)
(43760,194)
(51104,190)
(111840,228)
(70304,43)
(45376,225)
(36544,96)
(16800,237)
(75440,229)
(44400,20)
(134368,238)
(18992,80)
(54816,177)
(115888,38)
(85488,180)
(74544,151)
(58032,12)
(15488,228)
(112768,153)
(89104,177)
(128080,68)
(90912,134)
(42512,108)
(16240,109)
(31104,87)
(46144,120)
(80368,193)
(134912,129)
(31472,60)
(35232,154)
(78704,108)
(72704,116)
(55568,63)
(102096,80)
(60384,119)
(14832,237)
(69584,237)
(10192,226)
(43040,107)
(87072,215)
(111888,212)
(111056,187)
(37712,182)
(116912,108)
(124800,95)
(19888,133)
(43232,193)
(89040,229)
(18144,230)
(103488,168)
(51392,238)
(128880,95)
(120720,193)
(7680,218)
(18768,182)
(56256,236)
(96816,206)
(135264,194)
(46768,24)
(124928,231)
(13296,38)
(31408,56)
(71056,50)
(128720,59)
(76048,123)
(65616,167)
(109264,193)
(12768,122)
(101024,127)
(45760,14)
(119904,193)
(105504,183)
(72368,170)
(136496,218)
(101920,47)
(16000,91)
(32800,218)
(22224,237)
(35152,218)
(70432,169)
(31600,70)
(52896,96)
(58640,110)
(91952,218)
(16160,170)
(87856,111)
(125408,139)
(115840,229)
(76112,20)
(41088,133)
(126112,165)
(61056,118)
(98928,121)
(107184,187)
(2176,134)
(64656,182)
(8960,229)
(74400,230)
(101376,38)
(8528,72)
(9296,228)
(19360,169)
(53728,194)
(59632,157)
(25952,181)
(116896,26)
(35552,214)
(102544,182)
(27824,127)
(25216,98)
(103936,120)
(67488,51)
(42192,97)
(119808,31)
(53760,144)
(20576,191)
(85024,223)
(7472,178)
(112224,14)
(132992,121)
(59360,237)
(68512,44)
(74480,27)
(31200,229)
(56432,238)
(79376,25)
(46624,15)
(111760,238)
(137968,48)
(134064,194)
(99904,94)
(133792,214)
(63792,144)
(107920,231)
(32144,121)
(22688,91)
(91440,182)
(45712,236)
(55040,103)
(96144,129)
(62992,86)
(119104,14)
(132288,36)
(42384,170)
(81056,168)
(10528,132)
(73984,108)
(24896,79)
(41232,226)
(68752,20)
(61664,123)
(111520,237)
(43584,230)
(30896,104)
(101296,36)
(84832,169)
(47840,48)
(19440,191)
(111184,237)
(31344,181)
(75344,21)
(58544,60)
(112832,103)
(73888,110)
(95152,94)
(19280,239)
(96896,238)
(66576,82)
(105728,192)
(122256,105)
(52064,46)
(22656,85)
(63664,230)
(86928,128)
(20000,193)
(624,224)
(3216,32)
(35488,84)
(26848,223)
(136576,82)
(84800,223)
(18400,157)
(73824,204)
(107904,49)
(72880,217)
(80144,47)
(112816,108)
(124448,27)
(39696,25)
(45968,121)
(41408,228)
(48480,229)
(50240,231)
(52768,229)
(68416,50)
(112,120)
(56800,121)
(80000,85)
(51760,73)
(117488,238)
(136240,34)
(6528,237)
(94864,49)
(46976,108)
(544,158)
(87216,32)
(22896,131)
(19232,155)
(100480,120)
(25424,74)
(87632,109)
(91472,238)
(122544,33)
(94832,236)
(48448,123)
(134992,225)
(13808,130)
(13504,132)
(50544,74)
(36816,182)
(115328,146)
(75856,74)
(19824,195)
(111168,182)
(14176,140)
(2656,226)
(113584,50)
(9280,194)
(24544,223)
(1520,14)
(15904,168)
(108928,139)
(37648,92)
(113712,216)
(26224,147)
(47904,147)
(54080,217)
(104928,195)
(42288,225)
(25296,110)
(76576,236)
(110768,98)
(54928,182)
(102064,193)
(128864,193)
(55808,139)
(59216,231)
(3424,73)
(106976,128)
(336,225)
(23328,166)
(98000,193)
(134240,120)
(80592,43)
(118608,96)
(137840,133)
(132432,226)
(74720,81)
(17360,151)
(73568,158)
(136944,229)
(15424,147)
(109792,158)
(4032,14)
(52944,86)
(51584,238)
(118720,84)
(64928,32)
(95712,61)
(2592,61)
(116416,134)
(70864,237)
(131792,158)
(37248,120)
(29200,236)
(67872,71)
(104704,168)
(10928,236)
(93136,237)
(104592,118)
(2864,156)
(36624,25)
(16784,189)
(15616,44)
(44256,35)
(126320,180)
(38592,157)
(72944,225)
(65264,122)
(7216,84)
(88512,144)
(34800,218)
(124016,164)
(79552,109)
(87456,182)
(126272,33)
(58704,122)
(98704,60)
(49808,156)
(133152,130)
(12640,231)
(48960,231)
(81456,127)
(60896,203)
(119440,195)
(103168,181)
(62832,228)
(131504,225)
(11280,87)
(47168,21)
(118688,129)
(36656,159)
(11184,181)
(31072,169)
(61712,193)
(137136,181)
(100256,190)
(93520,229)
(22480,177)
(102320,96)
(137776,166)
(10704,85)
(2624,228)
(129952,145)
(69136,239)
(26592,130)
(8016,182)
(2816,115)
(33232,182)
(87152,182)
(110848,140)
(114224,156)
(17936,226)
(69072,110)
(130384,48)
(29776,143)
(39952,181)
(98432,121)
(8080,224)
(107936,145)
(138176,20)
(4640,169)
(95920,147)
(55072,144)
(90096,116)
(71648,24)
(9920,217)
(37584,230)
(99344,187)
(123920,108)
(109472,195)
(59984,231)
(20016,193)
(86240,194)
(37344,128)
(110640,45)
(49872,108)
(112912,158)
(121248,182)
(69216,230)
(129712,21)
(63184,50)
(74352,139)
(124192,121)
(134128,218)
(57504,231)
(46224,239)
(17376,56)
(50144,191)
(31888,121)
(84064,181)
(96544,85)
(58656,216)
(133840,207)
(5024,48)
(83184,19)
(117920,214)
(36688,169)
(9424,104)
(99968,180)
(23008,37)
(44816,119)
(3920,216)
(115968,111)
(72544,96)
(416,191)
(36416,44)
(111728,214)
(44000,158)
(137056,109)
(57088,129)
(50672,96)
(110832,59)
(47584,48)
(18288,36)
(54864,194)
(43056,143)
(7920,120)
(103664,228)
(78576,223)
(57280,157)
(48720,83)
(120336,223)
(32944,189)
(34448,49)
(71616,141)
(18080,72)
(20384,237)
(91488,153)
(134720,239)
(79872,27)
(126304,98)
(54144,229)
(2048,190)
(57072,60)
(15664,195)
(63568,108)
(91616,140)
(132352,218)
(115056,72)
(50896,177)
(32064,182)
(40688,70)
(82704,238)
(47680,187)
(121152,20)
(54656,179)
(31504,195)
(12672,156)
(128736,239)
(134784,195)
(85664,230)
(71808,191)
(41168,207)
(84624,14)
(22928,127)
(117456,228)
(69328,238)
(28016,87)
(94320,199)
(114896,237)
(42848,144)
(64336,195)
(75552,14)
(96928,177)
(86720,183)
(38816,223)
(24864,60)
(126784,183)
(49120,96)
(17312,35)
(25648,231)
(135792,127)
(24384,37)
(7184,195)
(109536,194)
(49040,108)
(59200,231)
(125376,27)
(912,67)
(56672,75)
(101632,239)
(40928,132)
(131840,239)
(83904,55)
(133744,86)
(64960,183)
(88704,237)
(30624,190)
(42352,49)
(101392,118)
(75456,121)
(58384,236)
(59456,55)
(64320,180)
(75280,216)
(20464,122)
(16112,158)
(67648,214)
(131744,36)
(99424,175)
(114576,236)
(51184,87)
(14528,84)
(82768,37)
(128208,224)
(81312,122)
(93760,238)
(121968,187)
(135920,111)
(120048,119)
(15552,231)
(102272,98)
(123648,168)
(121536,38)
(78800,230)
(27664,14)
(1808,229)
(84144,229)
(127600,191)
(1280,229)
(30400,190)
(60992,225)
(134288,237)
(98304,24)
(21840,20)
(9904,81)
(75840,228)
(94432,159)
(102256,195)
(71472,230)
(95328,171)
(102336,216)
(55056,97)
(126064,107)
(71392,168)
(83648,98)
(34784,105)
(77200,98)
(49136,238)
(56384,27)
(28320,144)
(85168,236)
(18000,180)
(7888,224)
(109424,238)
(113776,180)
(46192,178)
(85296,195)
(93408,188)
(103856,99)
(106368,236)
(19200,122)
(105840,183)
(4864,216)
(101440,156)
(103328,228)
(17792,212)
(112064,26)
(104864,97)
(31232,238)
(38928,225)
(25552,236)
(50704,229)
(29296,110)
(57680,188)
(135296,187)
(27120,85)
(26400,177)
(60304,94)
(9168,166)
(10720,49)
(50944,132)
(47488,182)
(77104,238)
(25040,238)
(113088,183)
(49728,195)
(106896,62)
(136432,230)
(13280,195)
(23536,143)
(69408,238)
(65904,108)
(22992,195)
(3520,193)
(68272,97)
(70576,86)
(135248,182)
(77824,181)
(85968,108)
(38112,120)
(35952,153)
(17856,47)
(76064,129)
(33808,37)
(3696,44)
(112944,35)
(136624,116)
(96752,182)
(10400,44)
(16368,231)
(86000,75)
(86320,37)
(44544,217)
(97552,146)
(100272,230)
(23376,239)
(16352,236)
(47152,132)
(116592,180)
(16656,188)
(50096,169)
(84736,49)
(92016,120)
(121184,133)
(82608,74)
(31616,39)
(12080,95)
(82736,94)
(70272,14)
(62000,97)
(79280,44)
(133472,230)
(97184,218)
(30544,69)
(110544,117)
(47248,168)
(18640,217)
(128608,63)
(53056,216)
(90496,229)
(2368,15)
(134112,153)
(4608,215)
(77856,204)
(70736,14)
(45472,171)
(51232,81)
(61024,51)
(133760,239)
(125168,195)
(45872,216)
(53552,132)
(43648,237)
(93712,200)
(45536,85)
(67504,216)
(111792,94)
(40832,238)
(304,26)
(66416,43)
(76560,239)
(496,182)
(21328,98)
(114160,118)
(26624,237)
(22112,239)
(63776,223)
(115648,118)
(104832,39)
(127616,133)
(38080,165)
(77312,59)
(1792,237)
(24000,180)
(107792,55)
(90576,93)
(91312,218)
(44240,36)
(61760,235)
(61424,103)
(108912,163)
(40752,26)
(6960,120)
(44592,175)
(71888,62)
(89712,143)
(123120,12)
(5056,170)
(63392,95)
(87664,195)
(133728,224)
(10944,26)
(98720,46)
(106272,26)
(96864,82)
(133776,12)
(135088,87)
(1136,236)
(97520,157)
(125792,121)
(90400,224)
(107600,178)
(72624,191)
(126336,237)
(69872,31)
(79024,44)
(123744,129)
(52752,191)
(25632,49)
(17968,195)
(85040,26)
(33184,228)
(19776,146)
(116608,135)
(7536,195)
(85264,145)
(119056,68)
(121920,158)
(60112,228)
(120944,73)
(55936,38)
(26704,95)
(15632,230)
(41648,120)
(66128,212)
(124656,236)
(67936,57)
(33968,182)
(89792,183)
(72976,145)
(43824,214)
(133904,133)
(100672,176)
(6480,216)
(25408,121)
(103984,218)
(20032,57)
(32416,82)
(41264,14)
(36976,60)
(46592,144)
(98640,179)
(6064,207)
(102912,193)
(81696,133)
(34384,122)
(115424,60)
(73264,205)
(136416,128)
(84416,84)
(2288,216)
(121328,140)
(103120,75)
(109664,183)
(21712,26)
(98320,73)
(108272,93)
(131312,237)
(95632,238)
(126592,44)
(29024,48)
(65984,85)
(17072,191)
(90960,86)
(9632,230)
(37440,56)
(54240,175)
(94880,180)
(66288,230)
(136320,228)
(122288,22)
(28192,120)
(25856,43)
(22144,134)
(90016,37)
(81888,145)
(134352,74)
(77920,108)
(66400,229)
(21280,15)
(107360,226)
(9856,193)
(94800,19)
(121056,62)
(21104,33)
(62704,19)
(6608,182)
(43744,92)
(82352,144)
(33792,238)
(72640,226)
(87520,183)
(102768,110)
(121232,180)
(79632,21)
(65088,179)
(84464,133)
(63520,144)
(21744,157)
(54416,235)
(105984,194)
(119488,238)
(99744,62)
(30208,228)
(31040,215)
(95840,27)
(118288,189)
(124896,219)
(132416,85)
(78000,168)
(87424,224)
(121472,239)
(62240,193)
(49072,237)
(68112,144)
(23424,182)
(8592,127)
(41472,195)
(78784,236)
(66544,118)
(90288,216)
(75632,191)
(80848,182)
(68832,228)
(131392,191)
(48368,118)
(111248,74)
(2688,27)
(67712,24)
(25936,13)
(68240,237)
(70784,224)
(112288,183)
(71440,218)
(122896,156)
(129088,163)
(90032,97)
(110336,182)
(9760,195)
(21184,211)
(110032,81)
(26032,60)
(44752,96)
(67360,151)
(93616,165)
(108784,193)
(42144,236)
(72992,134)
(10912,182)
(77072,20)
(113392,84)
(85280,229)
(41952,123)
(56016,225)
(59488,27)
(65552,187)
(46464,122)
(53392,229)
(73776,139)
(127136,48)
(121872,195)
(88560,120)
(7760,44)
(1232,194)
(82560,12)
(80736,109)
(82720,60)
(72576,36)
(103088,94)
(19376,85)
(62848,108)
(84256,105)
(77168,169)
(25824,62)
(97792,183)
(101232,190)
(138048,14)
(32976,214)
(65440,180)
(34192,129)
(112400,229)
(11504,193)
(73744,99)
(85840,229)
(24672,195)
(85056,225)
(92816,193)
(94464,119)
(79536,157)
(119680,237)
(4208,163)
(3264,224)
(26368,238)
(21408,61)
(14336,141)
(55280,182)
(108464,236)
(54256,144)
(95248,49)
(30800,205)
(87696,119)
(128224,72)
(109088,84)
(118896,182)
(27184,120)
(2112,81)
(107136,12)
(110608,123)
(120880,224)
(20416,158)
(3408,236)
(39088,121)
(99456,218)
(50432,20)
(68144,86)
(2800,189)
(13440,120)
(50960,26)
(93152,19)
(137280,32)
(85248,170)
(79344,61)
(9120,121)
(120016,238)
(3760,79)
(71920,203)
(27344,81)
(79248,223)
(94784,99)
(97264,216)
(131728,108)
(25808,230)
(62048,15)
(66464,170)
(80208,193)
(125296,60)
(124848,177)
(137952,44)
(44432,145)
(57728,93)
(62224,229)
(135536,190)
(65072,23)
(89376,43)
(17056,63)
(92208,212)
(26112,191)
(82976,217)
(78768,170)
(31568,43)
(132928,188)
(73680,83)
(55184,145)
(64224,156)
(89072,238)
(93696,187)
(38528,110)
(118256,105)
(95696,176)
(118352,127)
(22528,239)
(117648,213)
(38320,225)
(127920,74)
(130320,72)
(130400,182)
(66880,120)
(83488,238)
(127680,216)
(3072,238)
(77040,171)
(36848,14)
(131072,130)
(41248,206)
(83696,229)
(131376,110)
(126480,177)
(74672,158)
(26576,51)
(12480,175)
(47808,80)
(82160,145)
(109328,195)
(111264,223)
(74432,69)
(2032,177)
(89088,24)
(35376,93)
(12272,157)
(21440,218)
(73408,195)
(19392,238)
(86288,85)
(118160,128)
(119296,191)
(76864,91)
(134048,230)
(27024,195)
(100832,47)
(18112,239)
(54096,24)
(34544,175)
(15568,214)
(137024,97)
(67072,235)
(127168,180)
(16480,226)
(75424,20)
(26640,13)
(19152,118)
(125888,195)
(88800,181)
(99248,192)
(110576,48)
(59264,131)
(24464,108)
(11840,194)
(121520,144)
(44992,226)
(113520,14)
(73856,86)
(81536,47)
(98480,117)
(53968,190)
(7008,97)
(66080,86)
(35248,86)
(69680,85)
(40224,55)
(37680,181)
(109904,85)
(132896,228)
(98352,153)
(62688,236)
(102640,128)
(121376,55)
(83056,97)
(7600,73)
(5888,127)
(48416,223)
(112528,223)
(52928,143)
(37872,46)
(101200,92)
(90848,84)
(40208,134)
(43504,229)
(26672,96)
(125264,159)
(71008,229)
(33824,238)
(108288,225)
(48464,51)
(42608,212)
(27712,121)
(47552,236)
(95520,171)
(127824,195)
(69984,182)
(104816,72)
(115792,170)
(2272,194)
(7152,223)
(22848,50)
(21376,97)
(82960,211)
(88368,237)
(133072,140)
(92160,224)
(5680,44)
(68992,188)
(6368,229)
(135232,98)
(133024,236)
(114288,214)
(66800,58)
(109248,182)
(34960,103)
(105408,158)
(125744,157)
(110160,224)
(2704,218)
(96128,178)
(43024,217)
(82592,239)
(131888,106)
(112672,187)
(48928,128)
(52592,15)
(24640,237)
(92272,73)
(78720,237)
(106768,238)
(10000,230)
(6016,39)
(17408,96)
(71536,182)
(91360,230)
(3008,127)
(122752,170)
(39328,146)
(130496,95)
(4160,224)
(31856,182)
(63344,231)
(5776,239)
(110688,223)
(19616,33)
(1120,183)
(65680,109)
(73792,36)
(91344,168)
(37280,215)
(136144,62)
(1984,61)
(51120,80)
(81488,134)
(102432,109)
(16192,86)
(16592,67)
(26608,104)
(127712,237)
(104448,237)
(8304,235)
(62976,86)
(16640,72)
(30464,187)
(39216,31)
(112624,130)
(113600,92)
(27616,26)
(109600,107)
(74576,229)
(90448,190)
(61872,190)
(107312,132)
(98096,237)
(10224,158)
(109952,133)
(134480,216)
(111936,14)
(8832,97)
(18208,145)
(37088,218)
(61552,61)
(4240,110)
(132064,120)
(42208,218)
(45920,73)
(125808,183)
(32592,50)
(58912,154)
(16768,195)
(104688,34)
(34016,223)
(66064,24)
(93968,72)
(100656,151)
(127360,182)
(55168,189)
(25568,168)
(96096,71)
(43264,182)
(104192,182)
(1920,193)
(68160,50)
(111136,216)
(79760,116)
(72384,75)
(11136,74)
(115136,195)
(69632,79)
(108720,123)
(119136,119)
(72560,86)
(102656,170)
(126256,32)
(126928,181)
(117792,48)
(112432,158)
(10832,37)
(60832,207)
(39856,236)
(102288,62)
(138432,158)
(50400,177)
(137040,110)
(105760,228)
(113296,230)
(13856,239)
(36784,144)
(114752,120)
(53984,73)
(40256,115)
(102000,49)
(86096,181)
(91904,163)
(45136,111)
(108832,145)
(130720,121)
(82000,95)
(56208,26)
(4320,180)
(46128,156)
(95040,25)
(68576,178)
(115280,187)
(71072,216)
(90784,182)
(110912,216)
(95968,93)
(44304,71)
(47072,118)
(138288,132)
(75888,48)
(58864,224)
(19024,175)
(75088,121)
(138064,60)
(134432,195)
(111872,190)
(48112,96)
(47392,239)
(101808,80)
(29504,110)
(56736,70)
(11328,117)
(86624,217)
(98992,214)
(9728,193)
(115552,134)
(114304,236)
(62928,228)
(79008,195)
(40304,86)
(67296,193)
(73936,230)
(24304,239)
(65488,121)
(9808,133)
(98576,237)
(130144,217)
(23056,31)
(24272,49)
(14496,229)
(23552,13)
(6288,49)
(126080,27)
(44688,128)
(92528,97)
(240,94)
(29232,12)
(93664,238)
(73216,169)
(8416,73)
(104144,158)
(105904,225)
(96256,72)
(103888,239)
(88176,169)
(84496,55)
(69616,175)
(19568,74)
(108752,144)
(14848,168)
(30256,86)
(71712,72)
(120992,237)
(73584,24)
(106944,239)
(101952,108)
(94416,72)
(109392,75)
(103072,231)
(2896,98)
(33456,48)
(48832,44)
(57456,178)
(58896,109)
(92304,216)
(72464,50)
(129504,239)
(75168,143)
(74512,165)
(92448,130)
(125600,163)
(44224,106)
(1552,120)
(94448,121)
(136800,235)
(70096,193)
(99520,26)
(36864,236)
(97472,86)
(88016,115)
(103264,237)
(65152,229)
(53456,96)
(3680,229)
(121600,191)
(131424,235)
(34128,187)
(5008,194)
(15312,60)
(46992,70)
(46736,85)
(97104,62)
(20352,59)
(57216,62)
(127312,120)
(57984,87)
(3872,237)
(61488,128)
(63744,12)
(75712,224)
(108768,230)
(35856,15)
(113904,201)
(67984,86)
(88496,229)
(71040,50)
(137600,228)
(10864,224)
(78656,180)
(113568,191)
(130592,228)
(125072,179)
(55216,183)
(124624,170)
(5264,25)
(129024,79)
(12944,46)
(62560,84)
(5360,191)
(37792,44)
(59664,72)
(39264,229)
(8224,99)
(107344,239)
(14464,91)
(83136,95)
(124640,38)
(87744,236)
(53136,120)
(123392,55)
(70208,155)
(31184,204)
(79776,194)
(29440,99)
(9744,108)
(119888,121)
(132848,230)
(100736,237)
(60240,229)
(19328,118)
(127792,74)
(48560,225)
(30528,107)
(136128,144)
(101648,206)
(111008,231)
(10304,223)
(29968,238)
(113408,94)
(45168,217)
(69376,226)
(92608,217)
(704,237)
(72304,36)
(89680,166)
(9504,67)
(111856,229)
(137328,85)
(47200,157)
(90928,79)
(4096,191)
(80448,182)
(18416,97)
(118192,84)
(118368,235)
(108208,216)
(120672,87)
(45392,86)
(74368,84)
(1072,127)
(115696,224)
(8816,170)
(48944,146)
(62576,195)
(51664,62)
(125840,216)
(53952,224)
(48976,191)
(113984,121)
(54688,33)
(26752,223)
(63280,183)
(60416,128)
(56368,31)
(90160,239)
(4560,109)
(99664,92)
(111312,158)
(78960,195)
(134000,181)
(30864,93)
(3936,230)
(80800,38)
(41616,181)
(14960,44)
(46240,120)
(93072,171)
(16816,94)
(11520,120)
(120496,118)
(65584,109)
(129328,111)
(976,49)
(816,230)
(49184,49)
(65024,193)
(136304,230)
(111344,81)
(8752,36)
(21536,224)
(65600,226)
(46416,177)
(42496,109)
(122928,216)
(8432,122)
(91216,225)
(39600,95)
(57952,97)
(50320,151)
(62496,127)
(137888,98)
(15104,72)
(17232,86)
(86144,235)
(57376,86)
(120736,168)
(61264,85)
(117104,187)
(110352,177)
(24512,157)
(23872,179)
(59952,238)
(49408,226)
(2560,36)
(136816,62)
(119536,225)
(40848,85)
(113488,123)
(54000,182)
(33632,194)
(26496,216)
(91424,166)
(110528,43)
(14272,109)
(108896,91)
(4880,58)
(7664,194)
(106096,151)
(73872,195)
(24768,177)
(81264,170)
(117008,169)
(121040,62)
(74288,182)
(77984,166)
(75072,83)
(90000,229)
(56912,24)
(120448,238)
(85696,36)
(22800,79)
(116080,127)
(51632,36)
(123520,237)
(114016,110)
(6992,218)
(48752,237)
(128944,229)
(109408,224)
(31920,159)
(53680,35)
(97504,216)
(51344,109)
(95088,214)
(104416,49)
(121648,238)
(127552,231)
(127536,62)
(77584,103)
(93376,168)
(110112,238)
(17344,166)
(61392,14)
(101664,238)
(8192,159)
(122016,230)
(98448,68)
(40048,120)
(5424,238)
(103056,239)
(88304,230)
(64112,121)
(2064,170)
(38944,193)
(77808,231)
(48672,57)
(105488,239)
(30448,216)
(66672,63)
(49312,23)
(90176,229)
(90336,129)
(41008,122)
(57424,135)
(27456,73)
(30720,236)
(17984,37)
(59344,216)
(85072,37)
(45184,58)
(77136,231)
(61792,140)
(137984,206)
(39248,182)
(117952,86)
(104784,79)
(62080,96)
(14624,74)
(125360,212)
(111120,178)
(95568,81)
(102736,38)
(87200,183)
(73152,236)
(77760,49)
(137360,24)
(54064,229)
(110272,204)
(106320,194)
(60816,120)
(92688,115)
(119392,230)
(88960,36)
(19120,237)
(58176,218)
(33328,157)
(21888,25)
(132384,49)
(89744,183)
(8272,216)
(100032,236)
(41376,170)
(55520,195)
(50352,229)
(26880,191)
(47136,49)
(41808,154)
(53600,171)
(84032,239)
(66896,237)
(92640,120)
(19600,154)
(77744,187)
(63856,217)
(49248,169)
(29616,128)
(38752,91)
(99808,108)
(136784,140)
(20880,72)
(24752,179)
(58832,231)
(13328,229)
(25616,178)
(67104,104)
(114512,129)
(78256,36)
(107568,20)
(129840,239)
(129568,107)
(37920,189)
(25024,83)
(99584,190)
(43440,134)
(16896,157)
(6032,24)
(99296,212)
(848,238)
(119728,144)
(16320,48)
(10112,80)
(42272,122)
(42400,121)
(42784,59)
(68560,96)
(60128,217)
(132096,115)
(55088,85)
(47984,72)
(4592,239)
(30640,230)
(55696,34)
(127520,25)
(100240,86)
(13920,32)
(42544,225)
(136016,96)
(22032,225)
(42800,216)
(12752,134)
(92336,71)
(9584,225)
(24208,145)
(40112,104)
(93312,170)
(113072,92)
(688,217)
(44672,62)
(12656,61)
(62640,229)
(51904,60)
(30752,206)
(592,224)
(19008,158)
(52688,55)
(49856,44)
(122704,50)
(27552,179)
(61472,218)
(60784,110)
(71936,103)
(61856,230)
(129744,99)
(85600,79)
(19184,189)
(22240,133)
(25920,140)
(32240,99)
(37136,59)
(81840,25)
(88192,171)
(3600,225)
(20896,99)
(1968,12)
(128400,19)
(101072,15)
(137200,13)
(105344,128)
(14160,194)
(110704,218)
(122112,214)
(123040,57)
(41440,178)
(30288,214)
(37328,13)
(114416,108)
(74256,217)
(19760,61)
(15760,230)
(112496,239)
(80352,182)
(11600,236)
(48064,201)
(13088,237)
(123136,34)
(21264,85)
(26000,194)
(30000,236)
(60048,12)
(101824,231)
(109008,133)
(59184,132)
(32224,84)
(132080,129)
(52432,85)
(21696,20)
(34848,156)
(109696,127)
(41872,110)
(109712,205)
(29520,140)
(107968,48)
(45904,38)
(82432,178)
(112032,122)
(92288,176)
(92784,144)
(75360,110)
(136064,237)
(127296,225)
(116464,169)
(117376,181)
(43168,225)
(133952,104)
(100304,132)
(4736,230)
(73504,121)
(83280,123)
(127088,237)
(33216,49)
(76096,168)
(16048,22)
(33008,158)
(11568,110)
(37824,180)
(81136,147)
(59968,95)
(122912,108)
(34080,236)
(34288,83)
(21344,26)
(95616,20)
(71280,191)
(105232,212)
(13200,14)
(10752,111)
(32208,63)
(55680,72)
(20768,239)
(125312,181)
(59520,97)
(6128,237)
(66272,194)
(70480,236)
(27728,131)
(97024,146)
(107072,236)
(53616,128)
(5472,158)
(26016,237)
(99472,115)
(61744,116)
(99888,46)
(63728,51)
(44560,183)
(111232,178)
(131520,86)
(27648,239)
(10608,239)
(99984,235)
(132176,72)
(56528,86)
(54848,24)
(103024,13)
(118912,193)
(115776,224)
(40608,239)
(37984,84)
(114128,117)
(23728,20)
(57888,237)
(85008,216)
(21584,24)
(31840,194)
(109680,13)
(96512,213)
(74784,127)
(7360,229)
(64400,108)
(55392,85)
(108640,229)
(93088,229)
(48848,31)
(70704,87)
(37696,191)
(95776,97)
(101792,230)
(66448,159)
(114832,142)
(6896,177)
(31904,225)
(69552,37)
(131664,121)
(15584,169)
(53072,215)
(72080,96)
(105520,43)
(22272,239)
(110592,182)
(127664,72)
(93728,224)
(122336,194)
(137872,48)
(2720,225)
(26768,194)
(48192,212)
(60224,231)
(52816,47)
(57440,224)
(55760,34)
(40176,68)
(59424,111)
(63488,129)
(131248,239)
(17584,239)
(52304,195)
(118960,12)
(60864,156)
(24224,44)
(57552,212)
(21312,181)
(123184,145)
(137520,84)
(32864,236)
(133584,45)
(13040,238)
(54752,225)
(61200,49)
(74624,131)
(97440,228)
(64816,193)
(136352,212)
(31872,171)
(77264,180)
(21664,98)
(53856,217)
(121808,141)
(94384,238)
(6976,45)
(49520,87)
(57024,24)
(40896,195)
(77520,98)
(120912,181)
(96304,146)
(96912,127)
(81856,20)
(116240,235)
(110512,49)
(480,62)
(7520,62)
(68064,13)
(97776,178)
(125024,85)
(125728,26)
(128800,14)
(18944,47)
(91040,133)
(63040,182)
(77648,238)
(95664,36)
(110800,230)
(125520,99)
(56192,111)
(12800,147)
(28000,216)
(19520,107)
(118832,231)
(128448,187)
(12160,85)
(7200,177)
(18256,223)
(130800,217)
(129728,194)
(85920,111)
(74320,122)
(13936,24)
(31648,238)
(108064,236)
(18352,99)
(43520,229)
(83632,51)
(121072,236)
(50464,195)
(131440,238)
(28256,86)
(122416,118)
(31136,195)
(26176,47)
(7728,57)
(96160,81)
(77904,12)
(43216,235)
(117808,231)
(15648,109)
(76224,108)
(107760,157)
(98272,74)
(106192,180)
(123696,195)
(88432,229)
(39888,218)
(61776,228)
(129232,45)
(83040,46)
(126992,22)
(87936,216)
(137408,142)
(47104,50)
(19792,223)
(109200,217)
(8496,206)
(47312,191)
(60912,130)
(89184,169)
(116048,169)
(100128,95)
(36384,92)
(48160,23)
(82288,236)
(130464,180)
(119152,50)
(127024,237)
(36000,238)
(127264,182)
(132144,199)
(47856,49)
(42448,194)
(11424,98)
(22464,21)
(68032,187)
(25840,24)
(133696,239)
(36768,226)
(37296,133)
(66384,218)
(51792,212)
(28608,62)
(136336,97)
(21856,236)
(5120,236)
(58512,181)
(123488,23)
(128016,191)
(66176,216)
(119936,238)
(17280,157)
(28736,156)
(72960,24)
(63328,171)
(85424,195)
(52640,105)
(2416,135)
(6656,145)
(3088,72)
(28928,25)
(114240,205)
(17872,182)
(126656,236)
(39552,95)
(30512,60)
(109184,111)
(121952,226)
(36464,230)
(86704,130)
(109280,231)
(51472,58)
(126048,164)
(25712,36)
(88672,46)
(135904,226)
(52320,182)
(133632,195)
(38896,15)
(84192,228)
(128368,95)
(32720,194)
(23216,191)
(5856,156)
(138160,81)
(92464,63)
(2384,212)
(4784,122)
(3728,116)
(72800,120)
(31776,120)
(69920,229)
(3968,117)
(7072,238)
(29072,75)
(61584,171)
(29392,236)
(69152,236)
(86880,238)
(59776,139)
(80672,216)
(132976,95)
(38336,175)
(25360,216)
(127648,99)
(78448,236)
(87408,60)
(44496,104)
(22176,230)
(22496,239)
(12400,33)
(65536,107)
(4176,239)
(50656,84)
(4272,121)
(31440,74)
(105024,103)
(117840,84)
(129200,14)
(106688,151)
(36256,145)
(98112,230)
(16928,216)
(43600,235)
(32784,37)
(114784,219)
(63600,230)
(52720,68)
(135360,170)
(34352,133)
(78080,145)
(132608,82)
(41504,24)
(62816,238)
(52992,122)
(50880,108)
(85520,96)
(23824,120)
(17824,140)
(13904,212)
(60848,37)
(78832,13)
(34976,237)
(83296,168)
(22320,68)
(73536,235)
(18800,12)
(134032,237)
(124352,74)
(51728,195)
(45952,230)
(21552,168)
(31984,25)
(114096,146)
(113840,180)
(90464,108)
(122576,51)
(49920,187)
(107088,224)
(24656,69)
(62512,37)
(34048,27)
(8352,239)
(24480,118)
(135648,195)
(53200,98)
(31968,85)
(39408,195)
(40624,134)
(69664,118)
(49504,73)
(92736,237)
(14704,158)
(83872,50)
(114032,81)
(95232,27)
(108736,195)
(70880,14)
(135952,38)
(92512,56)
(96016,94)
(5408,182)
(1088,216)
(39632,193)
(11152,111)
(20448,98)
(86864,106)
(12688,132)
(105296,215)
(75808,121)
(83168,12)
(39616,131)
(44032,103)
(5488,61)
(112096,195)
(81984,111)
(109744,91)
(60608,69)
(42464,236)
(15856,157)
(46016,195)
(93808,60)
(320,115)
(107216,92)
(109168,12)
(4960,103)
(101312,239)
(62896,49)
(70240,226)
(79936,182)
(52288,135)
(40656,80)
(109888,22)
(22560,61)
(84960,139)
(109584,194)
(118768,71)
(18096,59)
(95440,131)
(39968,128)
(130768,61)
(11360,217)
(40528,48)
(20592,121)
(138480,217)
(19744,133)
(125424,74)
(76720,228)
(102848,239)
(129424,131)
(107520,122)
(106512,72)
(4544,224)
(37952,38)
(84320,218)
(71232,238)
(63152,228)
(33440,34)
(87360,38)
(124560,229)
(51696,85)
(68928,120)
(70816,58)
(17488,26)
(76656,24)
(26240,109)
(132544,95)
(45456,238)
(65424,170)
(109056,27)
(129072,46)
(79136,108)
(5088,130)
(73968,216)
(78032,118)
(114432,104)
(82992,127)
(19264,97)
(63616,145)
(29888,120)
(137072,229)
(11632,122)
(66032,94)
(120400,97)
(8320,169)
(42016,86)
(75184,182)
(10048,24)
(6224,85)
(61312,238)
(6576,237)
(64256,145)
(20800,217)
(104112,182)
(23520,229)
(124832,237)
(77488,20)
(136912,236)
(109232,216)
(2448,13)
(77664,111)
(125616,79)
(6208,216)
(60976,194)
(60544,48)
(52272,195)
(131584,99)
(89760,181)
(133200,228)
(7840,85)
(12976,195)
(132128,238)
(49680,179)
(64032,83)
(113536,218)
(128272,120)
(86416,183)
(123456,93)
(93264,236)
(90768,104)
(116128,164)
(7744,26)
(122496,35)
(124080,230)
(45248,230)
(16512,230)
(137344,194)
(124880,239)
(130368,15)
(38448,181)
(48432,60)
(61920,115)
(27040,190)
(50448,43)
(130112,71)
(101056,218)
(91264,157)
(134560,73)
(117520,216)
(77184,204)
(6352,61)
(136224,60)
(101008,229)
(17120,14)
(110944,97)
(122736,231)
(14592,128)
(65968,121)
(133936,80)
(11216,127)
(66256,69)
(83552,177)
(39008,141)
(2016,61)
(116752,228)
(256,191)
(21152,133)
(35616,85)
(14224,129)
(52784,182)
(64944,44)
(112144,39)
(39840,189)
(81504,193)
(91680,151)
(32048,62)
(54528,193)
(100448,38)
(85984,127)
(40352,224)
(103920,228)
(103616,132)
(8688,94)
(113024,140)
(116768,97)
(85648,229)
(55632,223)
(127072,195)
(6672,193)
(57184,95)
(132320,229)
(50608,236)
(39808,238)
(130944,62)
(56032,156)
(129904,84)
(135376,82)
(53296,168)
(57008,120)
(19696,21)
(126800,51)
(21360,35)
(29280,238)
(45360,230)
(86176,57)
(86688,231)
(49232,84)
(105216,21)
(130560,230)
(23952,239)
(86480,61)
(31376,109)
(26896,238)
(52704,238)
(73600,238)
(116000,140)
(73088,224)
(120624,237)
(33280,230)
(127008,146)
(65376,239)
(60464,193)
(50928,236)
(30368,168)
(88720,82)
(54032,98)
(72160,230)
(18752,193)
(112864,15)
(26480,73)
(59408,104)
(119872,156)
(51024,228)
(35824,110)
(38688,225)
(43936,72)
(97200,56)
(116560,231)
(114000,206)
(30592,223)
(116704,230)
(1152,130)
(100144,82)
(6320,182)
(46576,230)
(18736,236)
(38208,229)
(64864,120)
(33152,74)
(72448,229)
(121104,236)
(64448,117)
(59120,213)
(127984,139)
(135808,128)
(115904,218)
(54304,237)
(77392,108)
(53168,230)
(93056,37)
(60336,238)
(25200,218)
(85360,130)
(64624,238)
(92928,71)
(93632,156)
(47952,24)
(50224,194)
(9824,157)
(120352,181)
(71600,195)
(15072,83)
(95744,26)
(37184,191)
(122400,58)
(45824,121)
(88160,235)
(6448,212)
(115744,98)
(105104,158)
(42624,151)
(74016,110)
(24176,216)
(25776,133)
(45088,43)
(81152,195)
(83808,180)
(104176,179)
(18016,182)
(83344,182)
(18896,74)
(54160,123)
(113920,214)
(104320,235)
(44272,81)
(13312,216)
(136480,230)
(76912,152)
(114656,147)
(36208,217)
(109760,111)
(54400,60)
(70288,134)
(42864,218)
(47696,230)
(53216,45)
(63472,87)
(20240,86)
(47824,38)
(110928,239)
(36112,121)
(88480,182)
(124480,228)
(30944,239)
(4000,67)
(132816,195)
(33472,50)
(17008,144)
(23600,48)
(61216,218)
(22880,237)
(53152,231)
(100096,230)
(57936,58)
(83456,92)
(122976,238)
(135424,231)
(65728,51)
(80768,23)
(135568,217)
(95792,216)
(59280,187)
(99360,50)
(92000,38)
(56976,82)
(122192,24)
(126144,224)
(94128,223)
(55152,123)
(112208,230)
(44848,38)
(68336,226)
(84608,122)
(5520,216)
(45632,135)
(49696,225)
(93040,169)
(84448,224)
(133344,119)
(15232,56)
(21520,189)
(19056,48)
(29040,36)
(36224,72)
(40240,191)
(136160,68)
(8976,82)
(19088,225)
(10288,85)
(109152,91)
(36496,181)
(29952,25)
(3952,144)
(28208,216)
(98832,74)
(106256,60)
(14256,182)
(65520,187)
(134752,85)
(59568,133)
(72912,217)
(41184,46)
(89728,62)
(103568,182)
(25488,60)
(47056,238)
(32272,132)
(55408,225)
(48528,194)
(87232,226)
(70800,239)
(26560,93)
(109968,165)
(89984,62)
(32816,144)
(3376,182)
(10416,96)
(50384,146)
(75488,183)
(5040,31)
(69696,216)
(123328,229)
(2832,229)
(112560,145)
(32,229)
(43344,218)
(116288,144)
(46816,36)
(66528,122)
(41600,82)
(24048,180)
(136880,13)
(115728,230)
(123344,139)
(106464,85)
(117216,73)
(88624,62)
(26352,165)
(65952,238)
(132720,193)
(39440,72)
(112800,238)
(13584,215)
(44976,182)
(102960,49)
(64912,85)
(84368,230)
(124784,133)
(61456,231)
(90656,225)
(27872,239)
(69488,237)
(85632,96)
(14288,38)
(53008,48)
(51808,238)
(39232,236)
(46256,194)
(123056,236)
(57968,229)
(3776,86)
(51680,163)
(89200,67)
(87504,238)
(130672,14)
(34816,193)
(10656,74)
(45776,204)
(14448,212)
(66832,72)
(37568,13)
(14416,178)
(56880,168)
(87440,110)
(124512,231)
(81200,187)
(15408,236)
(52352,238)
(62192,206)
(35744,63)
(99216,218)
(1712,204)
(26304,120)
(63872,237)
(134688,190)
(102896,80)
(44368,75)
(77440,49)
(13664,34)
(35600,237)
(69520,134)
(108864,97)
(110752,191)
(63232,108)
(129760,116)
(126848,193)
(2096,37)
(66736,122)
(33264,188)
(81424,230)
(23392,13)
(137216,238)
(92544,239)
(99616,214)
(52656,97)
(23760,132)
(41664,85)
(83152,191)
(92096,120)
(19840,24)
(121088,218)
(94624,145)
(136400,191)
(93536,24)
(91072,228)
(122480,178)
(35712,110)
(119568,104)
(125936,129)
(81344,171)
(25744,224)
(86608,120)
(117584,228)
(93328,228)
(12288,72)
(19728,189)
(95488,187)
(67440,236)
(76416,230)
(34592,229)
(5104,216)
(38288,167)
(101840,216)
(51440,194)
(100992,72)
(82640,132)
(102672,182)
(66624,43)
(82544,216)
(46080,218)
(105008,218)
(87296,120)
(131088,228)
(79312,177)
(51744,120)
(111776,237)
(29328,72)
(27168,147)
(118560,229)
(18448,121)
(36432,96)
(102560,239)
(70512,181)
(82480,239)
(43360,21)
(13056,79)
(18656,230)
(136672,98)
(100928,48)
(118928,178)
(35760,230)
(62544,44)
(42432,98)
(50752,13)
(12384,82)
(80928,134)
(49968,49)
