(132693,72)
(68869,159)
(16949,133)
(35397,218)
(70773,39)
(103301,49)
(118501,230)
(108661,212)
(39333,98)
(59925,169)
(34965,182)
(52981,118)
(138469,144)
(137765,27)
(58885,36)
(85061,14)
(65845,121)
(51301,108)
(39893,223)
(41877,108)
(125413,195)
(35685,56)
(52869,33)
(3877,75)
(85253,170)
(107701,239)
(10837,129)
(34661,183)
(87925,182)
(51029,156)
(21237,239)
(39797,193)
(45141,231)
(1813,85)
(52021,179)
(38853,193)
(63973,190)
(47893,153)
(70021,24)
(9829,230)
(79621,193)
(48389,194)
(117509,230)
(105701,106)
(101301,226)
(38213,216)
(50565,193)
(61221,237)
(74069,182)
(87461,49)
(109173,85)
(2117,109)
(65797,31)
(92981,34)
(106373,215)
(59125,97)
(114773,86)
(97285,154)
(102405,116)
(88517,26)
(17253,217)
(64837,109)
(49029,237)
(61605,171)
(38581,26)
(2325,195)
(25605,182)
(54533,188)
(98485,229)
(126165,127)
(19445,80)
(65461,238)
(92037,59)
(6613,229)
(137173,50)
(125957,152)
(65477,230)
(96053,12)
(133493,214)
(6261,85)
(122293,226)
(92805,146)
(78421,194)
(126693,103)
(126709,228)
(136757,145)
(84981,68)
(98325,82)
(106725,230)
(35541,151)
(21509,238)
(43781,230)
(57429,211)
(97909,230)
(57477,229)
(86229,24)
(27685,224)
(119909,214)
(59221,224)
(137205,171)
(27765,229)
(71477,171)
(116101,193)
(13957,182)
(128517,231)
(129013,127)
(38117,144)
(35077,237)
(55077,230)
(96517,236)
(131477,116)
(132405,228)
(107029,133)
(31253,98)
(105397,237)
(135109,229)
(43733,180)
(91781,231)
(122421,109)
(83301,191)
(29781,97)
(39413,130)
(18277,168)
(72149,38)
(42613,123)
(15813,164)
(16565,120)
(23509,133)
(58421,203)
(62437,48)
(27877,181)
(64485,181)
(65109,111)
(13141,144)
(31605,237)
(35045,238)
(34357,228)
(51557,145)
(77477,231)
(104581,181)
(108901,236)
(110021,143)
(57829,108)
(118181,237)
(67381,216)
(128053,59)
(115477,13)
(23269,229)
(42389,46)
(79061,238)
(3957,97)
(59525,34)
(64933,143)
(48629,228)
(90613,58)
(99189,36)
(98197,230)
(36149,145)
(125749,230)
(85477,156)
(117893,190)
(135077,230)
(38565,231)
(91845,127)
(90197,71)
(127893,127)
(4901,212)
(78645,239)
(55957,107)
(64101,55)
(112469,155)
(83541,236)
(125797,170)
(22789,223)
(68389,146)
(77829,67)
(11157,215)
(95733,128)
(131093,238)
(1013,122)
(73733,135)
(71061,12)
(102629,27)
(122661,110)
(11733,182)
(136805,216)
(2613,97)
(3061,73)
(2837,82)
(3045,223)
(82405,238)
(98629,21)
(124565,85)
(57109,99)
(33045,226)
(128485,145)
(126453,120)
(52469,44)
(109205,180)
(20293,97)
(91765,230)
(41541,47)
(66261,82)
(103333,85)
(132741,36)
(67109,85)
(25077,182)
(27893,85)
(122405,195)
(62325,69)
(134165,80)
(21413,115)
(73397,31)
(130261,15)
(90277,187)
(102309,71)
(3653,26)
(68677,105)
(54517,169)
(122965,236)
(77941,142)
(97893,203)
(9237,216)
(56661,86)
(128709,219)
(50885,37)
(126821,193)
(77109,37)
(17909,67)
(19941,182)
(90469,36)
(65333,153)
(2917,110)
(70805,67)
(129157,183)
(102549,68)
(9957,44)
(46213,179)
(45733,193)
(50117,111)
(22341,144)
(88325,55)
(6245,110)
(57989,195)
(32821,159)
(58869,92)
(91525,39)
(18165,91)
(28901,48)
(17701,179)
(16245,230)
(96533,189)
(34277,195)
(117,223)
(54613,127)
(94581,120)
(106149,118)
(53973,118)
(112453,103)
(102421,74)
(55253,182)
(245,193)
(113205,188)
(133189,171)
(74421,73)
(100149,230)
(3685,44)
(32069,140)
(64117,237)
(123605,229)
(39557,235)
(112725,235)
(115493,231)
(87701,229)
(126965,212)
(12357,120)
(74837,239)
(51701,229)
(14661,225)
(92437,193)
(55413,99)
(4949,169)
(96261,194)
(106245,60)
(30885,237)
(62181,144)
(99173,97)
(50613,111)
(72725,238)
(58597,216)
(66181,73)
(108597,110)
(107669,19)
(132709,226)
(50277,224)
(101973,218)
(66885,183)
(24517,223)
(122869,225)
(23525,26)
(109797,20)
(52341,218)
(48277,62)
(65829,226)
(47637,134)
(80805,61)
(2629,187)
(75429,237)
(60853,216)
(86085,97)
(52517,152)
(11317,74)
(37893,61)
(92325,187)
(133845,231)
(15157,237)
(128645,117)
(96005,48)
(7461,123)
(107061,182)
(121365,127)
(133445,24)
(36437,133)
(76357,73)
(78037,236)
(14597,235)
(39253,96)
(35845,194)
(49285,122)
(61797,145)
(73957,72)
(37333,109)
(49381,60)
(66517,140)
(77989,236)
(114901,55)
(128725,63)
(87269,24)
(32309,141)
(28021,120)
(110933,230)
(35605,85)
(122485,154)
(125157,216)
(129205,223)
(81989,237)
(112901,39)
(127573,79)
(6005,117)
(1365,218)
(82357,110)
(49093,26)
(38517,224)
(95461,86)
(133125,12)
(130181,236)
(2245,106)
(60709,110)
(30277,122)
(77541,237)
(10453,63)
(23877,84)
(12677,237)
(98517,193)
(65189,74)
(110245,48)
(105413,24)
(103285,111)
(130741,237)
(112869,49)
(49861,230)
(108021,154)
(60437,163)
(93813,191)
(105637,131)
(107285,239)
(33957,182)
(104165,62)
(70485,194)
(72421,12)
(41589,207)
(33717,68)
(108789,20)
(12053,178)
(12373,80)
(68549,24)
(136629,110)
(91397,236)
(105205,50)
(82517,193)
(125701,38)
(45829,94)
(86949,108)
(134437,106)
(77637,228)
(95237,85)
(23813,159)
(89045,72)
(37365,24)
(92229,218)
(132149,99)
(132645,74)
(90357,105)
(65301,60)
(62773,230)
(30501,128)
(79461,12)
(113061,151)
(30293,182)
(77589,130)
(22805,48)
(4613,87)
(93685,119)
(124869,229)
(61301,195)
(104517,177)
(71429,110)
(805,237)
(85941,226)
(13109,24)
(113701,105)
(66005,230)
(3317,157)
(69125,236)
(20005,237)
(22053,225)
(24741,182)
(65973,237)
(133301,139)
(86341,231)
(42981,133)
(70597,239)
(75013,62)
(75077,133)
(95045,216)
(49397,239)
(85349,133)
(85221,159)
(93573,98)
(51045,157)
(60021,239)
(10405,217)
(95653,57)
(112485,169)
(4421,120)
(29045,236)
(102901,145)
(125765,195)
(106069,231)
(7285,217)
(89733,70)
(73429,212)
(22485,195)
(18661,168)
(52165,187)
(60229,20)
(93973,35)
(59205,14)
(17333,39)
(41109,238)
(81557,230)
(121749,228)
(7253,195)
(54133,231)
(27509,182)
(15957,226)
(135605,104)
(36645,32)
(65013,218)
(31429,216)
(10725,99)
(26933,48)
(39109,153)
(61749,215)
(27925,177)
(80501,32)
(125909,86)
(118037,193)
(38949,36)
(8853,12)
(85973,44)
(68373,62)
(136181,182)
(69989,117)
(119621,237)
(20277,239)
(59989,168)
(84693,225)
(112405,177)
(84773,146)
(43429,171)
(123477,238)
(116197,13)
(27589,81)
(59413,193)
(18613,181)
(53013,96)
(113237,104)
(10693,183)
(128949,13)
(138133,144)
(32293,118)
(18421,50)
(90309,165)
(853,224)
(92933,82)
(133253,230)
(13205,51)
(55557,22)
(82725,72)
(133717,231)
(73797,79)
(98213,121)
(66709,238)
(48725,216)
(114821,182)
(75493,225)
(61573,73)
(8117,187)
(132933,159)
(1861,25)
(47285,228)
(116341,177)
(1285,183)
(98949,236)
(71461,180)
(8645,86)
(79029,193)
(2453,122)
(73829,59)
(68837,211)
(91477,182)
(116853,142)
(92245,224)
(45221,170)
(16149,146)
(103413,49)
(90293,194)
(112181,98)
(111605,212)
(74021,181)
(102037,74)
(124741,86)
(24341,230)
(10373,168)
(17237,229)
(46949,237)
(50677,110)
(121701,175)
(58101,237)
(59301,216)
(71925,122)
(4645,84)
(26853,68)
(17717,71)
(74581,212)
(13941,115)
(17173,117)
(132949,128)
(81717,139)
(89541,190)
(5429,86)
(108261,154)
(64085,105)
(58645,195)
(25349,128)
(119685,37)
(50373,237)
(76245,73)
(113125,49)
(70949,146)
(5909,122)
(114517,178)
(40437,48)
(39269,37)
(39765,230)
(53829,167)
(59365,237)
(21765,156)
(100261,120)
(118149,231)
(131077,142)
(125621,84)
(26613,47)
(83061,47)
(109605,228)
(76741,49)
(55509,129)
(95109,13)
(31413,194)
(26773,238)
(67029,169)
(35493,230)
(41621,182)
(134853,206)
(79749,151)
(9445,157)
(8949,79)
(67765,48)
(99317,156)
(49893,56)
(19589,225)
(67221,238)
(93285,156)
(65573,157)
(80933,239)
(9125,235)
(126181,132)
(92373,228)
(128533,129)
(89237,38)
(122453,169)
(90981,130)
(96741,116)
(133541,170)
(78997,237)
(137445,194)
(108613,187)
(106885,230)
(54693,132)
(133733,195)
(115461,238)
(134053,120)
(72693,236)
(112581,206)
(62357,39)
(39733,60)
(111461,83)
(36789,133)
(21909,122)
(48405,57)
(93365,84)
(27045,135)
(57173,34)
(13781,217)
(38661,181)
(128453,228)
(122389,59)
(73333,228)
(24837,120)
(86725,224)
(9845,120)
(58453,60)
(81509,31)
(14581,151)
(65509,230)
(100245,146)
(32373,86)
(40949,225)
(111509,194)
(98277,15)
(27957,157)
(132469,218)
(58661,13)
(16197,159)
(31397,239)
(79333,104)
(51653,239)
(15733,226)
(7589,237)
(59669,73)
(76885,73)
(9397,49)
(111813,188)
(98117,239)
(98757,57)
(55157,96)
(112389,61)
(181,60)
(66741,127)
(63877,35)
(70117,62)
(88309,163)
(46133,116)
(100325,181)
(11877,182)
(27637,45)
(120501,204)
(137189,37)
(83733,238)
(6373,108)
(136357,239)
(130245,182)
(134517,86)
(2197,25)
(124981,32)
(56229,236)
(57493,239)
(89397,120)
(14741,46)
(40773,38)
(113269,60)
(128965,237)
(113525,230)
(80197,193)
(131045,72)
(39173,31)
(5061,50)
(59077,27)
(135061,110)
(104277,237)
(82949,71)
(75173,74)
(39477,182)
(114053,51)
(96021,193)
(86549,236)
(103541,218)
(106789,182)
(12037,215)
(39829,141)
(134341,239)
(23157,132)
(91125,51)
(128469,230)
(43189,235)
(91365,180)
(32789,154)
(118645,87)
(30565,123)
(78981,105)
(83013,193)
(86309,84)
(5173,212)
(24965,59)
(46965,229)
(38229,120)
(137621,235)
(69957,48)
(58613,194)
(62725,85)
(32885,180)
(60181,119)
(68949,87)
(75893,108)
(12229,127)
(10517,154)
(91733,182)
(77797,194)
(132613,82)
(133029,96)
(1653,142)
(26357,157)
(37525,47)
(59237,96)
(92293,94)
(96085,228)
(16885,48)
(123285,228)
(757,96)
(33333,191)
(63701,237)
(109029,145)
(7813,171)
(25029,73)
(14133,15)
(37701,217)
(65061,59)
(81061,33)
(31333,109)
(27573,25)
(117029,231)
(23573,229)
(65445,86)
(17029,69)
(46597,230)
(93429,44)
(100629,180)
(49525,158)
(76037,79)
(60549,236)
(86421,239)
(107237,228)
(71525,187)
(133413,193)
(30181,109)
(133941,98)
(71189,121)
(32757,230)
(126997,120)
(27029,237)
(32837,239)
(108885,122)
(130933,224)
(117013,224)
(74805,62)
(136645,223)
(65941,151)
(23237,168)
(80229,228)
(86677,223)
(105253,85)
(123237,231)
(48453,216)
(112373,171)
(69893,98)
(44693,22)
(66437,228)
(124661,130)
(135093,206)
(107429,85)
(136853,239)
(96325,218)
(138357,223)
(122517,47)
(5029,191)
(108517,229)
(58229,80)
(73589,12)
(97589,109)
(133237,44)
(39301,128)
(107157,105)
(111669,236)
(43637,33)
(85509,194)
(18789,207)
(1685,237)
(36997,120)
(4965,26)
(120661,170)
(58053,171)
(75253,195)
(135045,157)
(88709,226)
(47397,82)
(111221,231)
(72933,73)
(22005,132)
(26581,73)
(30533,187)
(13029,237)
(29397,122)
(128069,108)
(39909,130)
(74869,216)
(125237,228)
(39781,237)
(30469,239)
(66997,229)
(79413,34)
(97925,217)
(123397,229)
(121637,141)
(40149,180)
(20021,168)
(132805,188)
(23093,144)
(79429,238)
(24261,224)
(93109,187)
(122997,86)
(118021,59)
(1045,226)
(35749,70)
(137413,212)
(27717,224)
(61909,191)
(101221,195)
(72981,194)
(107013,73)
(125685,22)
(83813,158)
(100789,238)
(102389,49)
(44853,216)
(111141,188)
(72469,127)
(67253,108)
(68933,167)
(107733,226)
(134501,229)
(15861,72)
(25189,60)
(136085,225)
(76165,105)
(89509,143)
(92949,236)
(92021,158)
(27397,218)
(77349,216)
(46357,142)
(26917,26)
(92581,83)
(118453,87)
(19717,163)
(5925,120)
(130085,237)
(84709,215)
(127045,200)
(14725,171)
(21285,216)
(11845,98)
(82245,170)
(9061,109)
(80997,85)
(84053,146)
(37781,49)
(100085,239)
(34037,135)
(123717,139)
(50165,141)
(130197,141)
(129813,129)
(102885,238)
(1397,121)
(17813,49)
(66325,84)
(42101,129)
(68757,223)
(100613,226)
(117397,123)
(117637,187)
(7093,171)
(130533,229)
(3765,142)
(112133,85)
(116613,13)
(10341,236)
(132837,80)
(120053,195)
(121413,48)
(30101,178)
(12069,213)
(128037,111)
(110005,14)
(129637,108)
(2309,129)
(112773,61)
(63397,118)
(73685,61)
(78613,71)
(97029,215)
(122837,229)
(83333,158)
(114341,235)
(57381,96)
(53605,169)
(118117,229)
(129653,189)
(90021,219)
(41781,134)
(46341,181)
(129477,239)
(115173,183)
(34405,96)
(57077,73)
(81125,167)
(127541,60)
(128629,229)
(107317,110)
(112693,86)
(37733,193)
(130325,117)
(15765,177)
(16405,237)
(78853,228)
(32325,239)
(115717,237)
(50389,190)
(94245,181)
(42069,12)
(126053,169)
(10533,230)
(46053,181)
(36661,123)
(126981,38)
(22757,43)
(99653,195)
(8101,84)
(41957,111)
(83877,180)
(28053,181)
(62469,229)
(117701,145)
(130597,121)
(73925,177)
(118133,217)
(55653,167)
(115077,27)
(89269,170)
(5077,27)
(133365,183)
(85957,98)
(61637,111)
(53813,178)
(76629,31)
(37765,74)
(85637,49)
(28757,218)
(93125,237)
(68661,61)
(32453,63)
(131797,223)
(47157,121)
(12149,121)
(1333,72)
(73909,127)
(91685,45)
(103029,92)
(100741,106)
(111941,194)
(59765,238)
(97989,225)
(59733,121)
(93413,48)
(109925,159)
(29893,103)
(45877,195)
(6117,97)
(52725,182)
(75301,48)
(92213,13)
(95685,239)
(120309,83)
(64293,187)
(137541,14)
(44037,228)
(46773,237)
(75157,158)
(133,20)
(13605,129)
(95669,119)
(107973,72)
(106469,111)
(93797,212)
(132757,231)
(99573,70)
(49909,215)
(84613,218)
(90245,181)
(97621,216)
(32901,193)
(53733,60)
(87029,106)
(28517,123)
(57637,121)
(131269,128)
(137109,96)
(17829,229)
(79685,195)
(18261,23)
(16741,236)
(37397,94)
(53717,228)
(89157,239)
(27349,190)
(134309,228)
(97973,79)
(135013,230)
(71301,50)
(94741,194)
(135621,97)
(91957,239)
(81909,205)
(137669,230)
(113333,145)
(122533,13)
(15429,154)
(19429,180)
(106965,229)
(127861,182)
(22821,171)
(50805,223)
(51525,178)
(133957,229)
(80133,131)
(38293,84)
(133797,187)
(12725,190)
(137509,82)
(5301,205)
(3621,237)
(24597,158)
(70405,229)
(38149,145)
(86181,98)
(51669,46)
(73669,106)
(91061,235)
(63509,216)
(73045,163)
(63717,86)
(33781,216)
(60005,85)
(38933,98)
(2869,226)
(120677,191)
(104805,85)
(99749,63)
(36165,237)
(73301,106)
(138373,226)
(68997,193)
(74853,168)
(25301,169)
(132853,179)
(20453,79)
(21349,178)
(85701,239)
(2949,22)
(67125,92)
(98901,182)
(99813,182)
(110565,230)
(112853,12)
(119333,229)
(128245,182)
(62165,236)
(50149,96)
(125093,59)
(38917,141)
(66117,193)
(25093,132)
(16837,216)
(17157,134)
(64021,51)
(57685,111)
(21477,60)
(80629,177)
(80037,79)
(88901,118)
(1973,230)
(83989,85)
(77381,229)
(24085,145)
(32725,183)
(135973,70)
(20373,20)
(120757,98)
(109269,26)
(10709,231)
(43717,96)
(14885,130)
(18581,51)
(36805,84)
(86037,217)
(31557,171)
(113429,182)
(79717,85)
(105957,157)
(110677,193)
(129397,180)
(6645,225)
(4357,51)
(64645,195)
(87845,118)
(113477,169)
(70165,193)
(89349,181)
(41237,50)
(127941,91)
(105269,228)
(130869,236)
(127381,115)
(97253,157)
(98661,231)
(137269,195)
(58757,228)
(78773,182)
(136453,180)
(18725,202)
(101125,115)
(118853,145)
(75189,223)
(37557,236)
(104229,86)
(10229,133)
(1509,216)
(7429,179)
(30165,195)
(119749,79)
(103733,193)
(11173,189)
(89861,236)
(43893,239)
(38709,31)
(21061,223)
(61829,216)
(59813,103)
(112101,238)
(30517,38)
(18101,231)
(70693,188)
(7717,238)
(105029,95)
(64469,59)
(114405,225)
(27429,92)
(129349,43)
(14293,228)
(2101,216)
(16213,213)
(68885,24)
(119525,116)
(11125,49)
(6309,165)
(10181,224)
(116069,132)
(49317,85)
(102181,194)
(19333,187)
(44565,143)
(49173,122)
(58949,71)
(6037,237)
(67797,55)
(121877,110)
(23605,176)
(57605,231)
(119973,182)
(6981,82)
(126501,85)
(99125,239)
(99221,229)
(40373,237)
(28373,238)
(41925,180)
(54309,43)
(11013,13)
(40501,218)
(44581,191)
(5813,120)
(48709,86)
(101653,31)
(115221,170)
(133461,83)
(127653,238)
(8741,165)
(41733,230)
(12453,202)
(36981,84)
(65685,225)
(67541,133)
(42293,63)
(73093,110)
(108245,214)
(82309,225)
(136021,15)
(24021,195)
(123301,31)
(96229,218)
(82197,195)
(115061,229)
(137605,157)
(7701,229)
(69189,230)
(30645,188)
(113941,37)
(1605,218)
(34437,153)
(11653,214)
(25733,85)
(58917,60)
(132901,236)
(44309,70)
(106197,237)
(107989,218)
(75669,134)
(133605,170)
(62981,43)
(75045,231)
(119941,132)
(1221,120)
(12533,26)
(67013,97)
(131733,24)
(33861,231)
(37141,92)
(80309,187)
(66389,26)
(109653,214)
(52821,96)
(3189,193)
(119605,36)
(66581,194)
(133637,134)
(71397,110)
(98821,142)
(131413,133)
(4757,235)
(44805,216)
(28453,195)
(87525,127)
(4805,181)
(84437,229)
(38677,38)
(50325,111)
(111285,169)
(103221,237)
(125845,226)
(44437,131)
(98533,62)
(18325,144)
(54149,187)
(98181,134)
(122165,225)
(57013,21)
(121285,61)
(629,182)
(50901,155)
(11829,120)
(43061,180)
(103125,55)
(24821,171)
(80917,237)
(122693,48)
(56773,25)
(18597,228)
(106597,24)
(124997,193)
(102005,127)
(58405,120)
(8837,214)
(55141,194)
(115861,44)
(52949,182)
(8885,188)
(51365,237)
(68053,169)
(78965,239)
(131525,195)
(40885,97)
(110917,70)
(15557,191)
(83941,109)
(95573,26)
(49413,95)
(92661,216)
(101813,146)
(90101,187)
(57461,120)
(116981,238)
(88757,105)
(94277,74)
(110885,152)
(78133,87)
(117589,61)
(53957,36)
(124485,182)
(50597,230)
(36373,26)
(40741,228)
(109861,182)
(53077,230)
(67157,183)
(14805,14)
(53061,236)
(9285,212)
(42485,106)
(133349,218)
(113189,180)
(100197,80)
(127685,91)
(61557,44)
(72213,27)
(26405,224)
(123701,228)
(15397,239)
(16181,74)
(59109,223)
(40069,111)
(16917,212)
(26181,14)
(20565,37)
(5701,229)
(116645,61)
(9189,195)
(3205,26)
(48165,91)
(67685,48)
(91461,212)
(128213,146)
(11253,109)
(36213,75)
(103685,98)
(134229,195)
(103173,179)
(135413,212)
(110693,225)
(37749,74)
(44981,117)
(72805,229)
(30341,218)
(71733,237)
(106693,33)
(62917,236)
(103045,236)
(46005,153)
(64853,239)
(103205,32)
(1541,133)
(89877,25)
(56757,236)
(57941,48)
(114965,95)
(74341,20)
(32613,56)
(61765,131)
(92133,178)
(15093,115)
(137877,73)
(60485,103)
(18805,95)
(42021,182)
(115749,120)
(48981,131)
(129093,195)
(138229,34)
(125461,189)
(54341,180)
(117493,26)
(94117,195)
(99301,191)
(36741,199)
(93205,216)
(114917,238)
(11749,236)
(137285,237)
(104981,168)
(28069,25)
(130965,231)
(117445,226)
(75845,127)
(79509,62)
(138053,228)
(33573,178)
(68901,146)
(92085,23)
(96853,231)
(102613,182)
(117781,13)
(19317,122)
(78181,43)
(50965,23)
(101733,49)
(5989,231)
(12837,63)
(26629,223)
(108933,120)
(43349,117)
(22581,238)
(66917,230)
(6197,24)
(16373,13)
(96149,122)
(40165,97)
(95861,142)
(57893,171)
(70309,235)
(78757,156)
(77333,231)
(91941,128)
(105573,239)
(19749,231)
(18565,239)
(27845,145)
(40325,122)
(37445,170)
(81925,218)
(113445,135)
(41557,73)
(69157,71)
(61733,116)
(123221,238)
(54357,25)
(130021,216)
(26485,216)
(81461,37)
(121445,86)
(112597,229)
(53845,110)
(97189,236)
(27541,230)
(29125,214)
(105589,120)
(9381,230)
(123829,50)
(15221,229)
(119413,229)
(27973,92)
(88629,48)
(59893,144)
(6533,108)
(10933,181)
(8213,105)
(24197,32)
(20933,237)
(97157,38)
(107413,177)
(42661,143)
(130101,168)
(5397,236)
(126405,180)
(95013,128)
(42869,230)
(68469,117)
(76645,177)
(116805,216)
(83157,225)
(22549,238)
(105109,204)
(97413,116)
(34629,188)
(95845,92)
(75029,59)
(76117,121)
(41717,140)
(3813,26)
(62741,38)
(120181,157)
(117093,237)
(75877,27)
(98021,158)
(54501,236)
(129877,110)
(16117,44)
(53205,36)
(95781,170)
(34341,223)
(90373,50)
(69525,182)
(69381,80)
(7077,97)
(11813,144)
(19733,239)
(21525,157)
(65557,182)
(47781,118)
(94421,117)
(46309,169)
(97669,217)
(100661,79)
(113973,60)
(115765,155)
(8373,26)
(38309,237)
(135525,229)
(21093,218)
(38421,216)
(82853,189)
(137557,230)
(135253,133)
(31141,226)
(53157,195)
(123125,69)
(103093,135)
(39061,80)
(66981,238)
(2277,238)
(110085,93)
(90965,182)
(116165,236)
(132997,57)
(14037,194)
(33925,142)
(131669,229)
(70245,105)
(122773,111)
(36277,238)
(134933,146)
(85589,24)
(133973,26)
(114149,231)
(4581,111)
(98453,151)
(56917,237)
(56821,193)
(119813,194)
(77493,229)
(101253,194)
(138309,98)
(81077,130)
(64597,236)
(31045,93)
(23701,181)
(115045,36)
(67973,14)
(28357,72)
(78869,236)
(81189,48)
(114837,120)
(43461,156)
(19685,93)
(27253,130)
(62197,169)
(69605,217)
(132261,237)
(72165,218)
(102245,226)
(108165,13)
(103589,236)
(34725,25)
(85269,239)
(103845,237)
(79253,128)
(41365,12)
(109221,238)
(109781,231)
(64037,182)
(18629,159)
(38085,73)
(121893,85)
(57509,194)
(66549,83)
(96341,19)
(21653,168)
(7749,217)
(30485,237)
(44485,239)
(92693,49)
(115909,158)
(124133,131)
(11861,230)
(82165,207)
(111541,108)
(28117,84)
(71749,47)
(43301,86)
(13061,238)
(32357,182)
(67877,217)
(76773,108)
(48597,230)
(65221,106)
(89589,236)
(110709,239)
(119957,36)
(137861,157)
(118389,230)
(120629,31)
(7061,131)
(16853,146)
(45285,19)
(108117,128)
(87765,59)
(132373,120)
(102277,133)
(62341,15)
(29861,110)
(31173,200)
(48213,47)
(56245,237)
(131285,230)
(2853,12)
(75477,24)
(63269,85)
(69397,83)
(76229,72)
(79237,31)
(115125,180)
(39637,236)
(88837,181)
(7989,74)
(138405,237)
(105045,109)
(61045,167)
(80357,23)
(10645,68)
(82005,237)
(98389,163)
(53301,128)
(126645,223)
(131941,24)
(26533,110)
(50501,60)
(40053,27)
(82213,93)
(2805,85)
(2597,205)
(52741,238)
(56805,159)
(112645,237)
(101189,134)
(124293,108)
(83893,229)
(23477,80)
(99701,180)
(25141,91)
(21045,26)
(25765,169)
(8069,80)
(97477,181)
(86149,170)
(1317,62)
(28133,239)
(89285,83)
(5797,49)
(90117,144)
(98597,98)
(82645,229)
(46293,96)
(111621,97)
(102565,12)
(98773,129)
(106325,134)
(40453,74)
(28245,235)
(9861,218)
(102965,108)
(94165,216)
(80789,110)
(127157,157)
(129045,118)
(26709,69)
(48181,236)
(84357,192)
(45365,235)
(53269,237)
(137845,129)
(17525,216)
(109429,49)
(46501,228)
(25541,12)
(389,212)
(99093,12)
(120549,187)
(102085,229)
(46181,58)
(50421,13)
(54885,96)
(61333,85)
(51637,61)
(99957,192)
(19845,95)
(26293,229)
(104341,230)
(130677,79)
(72629,51)
(119797,151)
(110949,60)
(24453,152)
(109445,74)
(115813,237)
(126149,202)
(126853,60)
(5557,217)
(30741,229)
(2565,62)
(25589,217)
(53253,224)
(87477,224)
(91221,62)
(28101,211)
(73477,128)
(102149,50)
(125717,120)
(16533,15)
(133333,24)
(92757,71)
(74501,134)
(83445,235)
(59445,34)
(112053,145)
(597,218)
(132885,140)
(26325,237)
(74661,37)
(88501,107)
(71269,229)
(73157,85)
(117061,31)
(32101,45)
(114629,103)
(97269,229)
(19221,72)
(277,193)
(93093,237)
(69253,45)
(122981,24)
(66277,24)
(47077,133)
(69445,99)
(55045,212)
(26133,72)
(43701,239)
(45685,109)
(27989,229)
(69685,37)
(71701,217)
(14709,236)
(60917,182)
(105173,93)
(3157,60)
(61445,13)
(33285,63)
(66597,96)
(97173,188)
(116933,110)
(64309,24)
(84789,190)
(77269,239)
(22917,13)
(51381,169)
(88341,144)
(19573,48)
(83141,189)
(52901,224)
(2725,50)
(117109,179)
(84293,195)
(138453,238)
(2741,182)
(64325,236)
(7829,212)
(73877,217)
(68165,182)
(86565,223)
(36181,231)
(94597,144)
(135317,134)
(8389,71)
(43205,229)
(63349,134)
(49701,127)
(109413,194)
(29285,120)
(121605,225)
(79349,223)
(107125,72)
(84133,87)
(2645,190)
(58293,50)
(64661,132)
(31269,81)
(44885,239)
(86773,25)
(130645,93)
(91013,226)
(47365,152)
(101205,218)
(91237,145)
(41493,44)
(54229,218)
(55317,37)
(136485,49)
(76197,98)
(93525,75)
(83269,236)
(79125,145)
(109989,195)
(14197,68)
(86277,217)
(45749,190)
(54325,50)
(124309,110)
(73845,146)
(74741,108)
(111589,146)
(125189,74)
(73349,181)
(113461,19)
(13717,229)
(64741,212)
(89125,84)
(7621,190)
(125269,73)
(24181,13)
(40853,169)
(107797,46)
(41061,32)
(122629,80)
(80885,229)
(91621,22)
(138261,61)
(49573,85)
(43877,119)
(94965,108)
(37,218)
(100373,33)
(18229,215)
(20213,36)
(31093,216)
(34885,239)
(98581,86)
(22725,156)
(4981,236)
(25861,217)
(45973,225)
(28789,86)
(115301,168)
(4549,216)
(80437,120)
(23781,231)
(80085,230)
(126485,61)
(136405,190)
(46405,169)
(102821,228)
(29141,206)
(34997,155)
(39189,238)
(100597,167)
(55333,61)
(23189,182)
(66661,179)
(134741,216)
(41509,224)
(123637,179)
(111573,144)
(71893,239)
(136789,60)
(63605,91)
(34949,180)
(121717,239)
(33189,238)
(24565,120)
(63493,182)
(138197,181)
(32741,81)
(4325,110)
(49157,132)
(41653,230)
(5093,236)
(51173,225)
(100533,179)
(59189,228)
(79397,44)
(66469,71)
(93013,176)
(100485,143)
(29973,153)
(59557,235)
(103077,229)
(130693,91)
(94085,190)
(122229,178)
(86805,86)
(11045,195)
(118549,214)
(65429,75)
(30581,153)
(49221,36)
(81029,128)
(11717,110)
(124261,225)
(4453,219)
(98309,33)
(28341,187)
(113637,159)
(114677,193)
(18981,225)
(47429,109)
(109829,230)
(82229,180)
(6949,187)
(30837,224)
(51925,168)
(2469,19)
(110101,15)
(54933,194)
(55925,218)
(97509,27)
(60821,13)
(70901,85)
(60933,236)
(93461,181)
(121269,194)
(7237,194)
(26949,228)
(130981,238)
(116629,80)
(137893,49)
(118949,206)
(41813,86)
(93493,56)
(66085,217)
(118981,115)
(96709,228)
(11605,105)
(1941,182)
(94437,67)
(27157,236)
(87493,58)
(9205,239)
(40581,12)
(99029,187)
(8437,62)
(42629,146)
(79605,229)
(55701,69)
(126565,97)
(102341,190)
(32245,107)
(125029,194)
(69781,237)
(1621,181)
(93877,134)
(14629,224)
(53173,237)
(46629,188)
(91445,237)
(16021,109)
(6485,74)
(29525,182)
(40005,216)
(33365,229)
(116885,182)
(101781,85)
(32997,236)
(123269,131)
(105813,79)
(48101,235)
(31973,190)
(124037,195)
(20229,121)
(87589,231)
(4693,214)
(42197,58)
(123205,236)
(64421,187)
(70869,180)
(66693,217)
(9045,142)
(20197,236)
(121205,134)
(59173,193)
(76949,215)
(837,84)
(96901,38)
(111173,238)
(108389,146)
(1589,223)
(83205,228)
(125173,131)
(45445,217)
(33941,120)
(67093,146)
(12869,106)
(99477,59)
(113509,237)
(95589,199)
(129557,236)
(6901,74)
(63205,236)
(28277,231)
(32501,32)
(72357,96)
(47381,24)
(8085,31)
(119397,50)
(789,25)
(101573,214)
(25797,74)
(118773,182)
(43797,168)
(75509,37)
(82597,177)
(71813,129)
(59285,237)
(109557,191)
(68277,146)
(51429,62)
(53685,97)
(135557,179)
(100645,15)
(85653,239)
(128133,230)
(80837,24)
(85765,203)
(125221,60)
(10053,182)
(91893,98)
(63749,35)
(74565,15)
(73813,62)
(109525,191)
(116293,182)
(48485,35)
(60357,15)
(70725,120)
(89845,224)
(118261,60)
(81413,48)
(136901,194)
(48613,158)
(2821,117)
(20549,239)
(52613,63)
(103765,191)
(103157,156)
(106453,122)
(98885,58)
(129781,182)
(28997,46)
(55621,107)
(29797,206)
(78949,111)
(78933,216)
(9429,110)
(56741,237)
(85445,225)
(9477,110)
(84261,238)
(71845,226)
(14149,182)
(3525,79)
(15621,140)
(67317,24)
(69477,84)
(95813,229)
(8357,175)
(72533,218)
(100101,237)
(55717,92)
(112677,139)
(106437,35)
(11461,237)
(63621,143)
(72789,176)
(55029,73)
(10469,122)
(40981,63)
(73253,195)
(48885,93)
(47013,237)
(114981,98)
(13493,193)
(123765,238)
(23221,75)
(68789,51)
(59461,206)
(24501,205)
(50821,168)
(66053,194)
(80341,223)
(55845,228)
(79285,93)
(123797,218)
(23013,107)
(53429,93)
(114853,190)
(131653,70)
(5893,35)
(58789,157)
(115157,79)
(63989,51)
(1717,228)
(132421,35)
(136213,132)
(88789,63)
(43845,121)
(113493,80)
(99365,38)
(33893,229)
(36469,179)
(7845,180)
(74597,236)
(77125,71)
(14405,120)
(23141,183)
(119877,94)
(102949,111)
(25125,70)
(44229,169)
(69221,157)
(31653,155)
(59589,218)
(113989,164)
(16389,67)
(73941,133)
(17621,111)
(103749,120)
(109061,182)
(55573,226)
(97957,97)
(111653,212)
(49269,230)
(87205,67)
(71957,26)
(8725,195)
(72133,80)
(77205,237)
(74821,193)
(23717,195)
(34213,61)
(741,98)
(23845,135)
(35253,223)
(33269,61)
(45525,59)
(77765,131)
(72741,61)
(22741,228)
(137957,144)
(131141,159)
(31301,218)
(3109,224)
(52485,99)
(114661,27)
(32693,194)
(79653,86)
(112005,83)
(76565,212)
(61925,120)
(29589,86)
(133157,189)
(124437,15)
(136741,61)
(89701,38)
(126085,183)
(35445,230)
(88037,110)
(108773,121)
(101925,195)
(138389,73)
(69941,81)
(38373,226)
(94501,60)
(102261,37)
(17893,103)
(19125,214)
(104773,238)
(2133,132)
(84149,237)
(81349,23)
(113893,140)
(122069,182)
(92485,32)
(59541,142)
(87829,144)
(131189,230)
(76661,55)
(67429,60)
(119765,33)
(104501,218)
(47093,238)
(137989,159)
(51621,238)
(136197,182)
(107349,236)
(31989,182)
(87605,212)
(128229,182)
(29733,238)
(106581,55)
(47253,238)
(114885,129)
(115317,23)
(51941,236)
(77669,218)
(106933,224)
(127205,61)
(28309,72)
(72405,104)
(88725,131)
(84309,218)
(4661,195)
(57285,115)
(56981,189)
(134789,194)
(87365,182)
(91045,153)
(97845,44)
(69109,86)
(136917,230)
(131317,26)
(127285,217)
(127621,239)
(104709,120)
(97557,122)
(99045,238)
(130789,91)
(53637,25)
(119557,14)
(109301,157)
(32549,104)
(76005,31)
(16821,31)
(75909,99)
(57669,122)
(98421,73)
(56053,237)
(70741,171)
(47765,61)
(94629,182)
(103637,109)
(71125,111)
(113173,195)
(127797,230)
(137781,103)
(120085,218)
(1157,152)
(8901,175)
(57653,111)
(94261,238)
(27829,218)
(40037,14)
(89205,94)
(38981,226)
(33477,223)
(11589,106)
(42501,179)
(51765,84)
(23637,127)
(6837,218)
(30229,178)
(96485,195)
(59829,157)
(69701,79)
(79269,191)
(197,25)
(85029,237)
(8037,207)
(15189,229)
(4725,237)
(54005,32)
(91557,105)
(116565,238)
(40485,84)
(68613,85)
(106997,205)
(34933,193)
(34373,156)
(77157,225)
(66453,33)
(118837,237)
(78469,183)
(1413,27)
(37077,80)
(59317,96)
(98053,229)
(95029,237)
(118709,13)
(96837,157)
(114197,203)
(29573,120)
(30373,157)
(126581,51)
(137941,129)
(132725,86)
(83525,98)
(50437,182)
(121781,187)
(44421,67)
(81253,55)
(120597,58)
(86117,183)
(83589,229)
(48565,159)
(29221,110)
(92901,154)
(79365,231)
(132597,228)
(99205,57)
(114501,75)
(100021,235)
(18373,146)
(18853,181)
(115797,97)
(130901,231)
(52053,38)
(58501,121)
(95221,14)
(57045,193)
(51845,236)
(86661,120)
(50341,108)
(75701,228)
(39493,85)
(56149,87)
(65349,68)
(101669,213)
(83845,239)
(94613,188)
(113141,27)
(37925,86)
(71589,229)
(82101,130)
(19157,108)
(41205,182)
(55381,239)
(108469,156)
(112613,238)
(16549,157)
(67061,79)
(23397,34)
(77077,25)
(135333,23)
(112885,61)
(82325,49)
(36757,86)
(85669,93)
(87429,177)
(111397,50)
(86901,158)
(26517,177)
(71637,140)
(34773,237)
(42597,190)
(92453,156)
(102485,218)
(58741,236)
(127717,48)
(82965,230)
(132677,58)
(4085,239)
(28885,87)
(77045,181)
(78677,68)
(81333,238)
(81861,170)
(82501,236)
(109509,98)
(128661,216)
(79973,129)
(88565,58)
(20517,237)
(4597,140)
(117157,158)
(116869,45)
(15285,146)
(132981,48)
(85749,225)
(6869,228)
(40341,12)
(103509,132)
(55829,239)
(34501,46)
(115829,80)
(126309,110)
(22597,217)
(55301,225)
(51973,183)
(53189,180)
(35989,178)
(40597,57)
(63253,122)
(70101,230)
(93445,116)
(20837,55)
(45653,87)
(48293,48)
(99605,96)
(124901,57)
(53093,118)
(165,237)
(22629,79)
(12405,237)
(16757,20)
(24133,57)
(46837,158)
(93317,45)
(96389,194)
(26789,24)
(30981,132)
(39749,212)
(19301,218)
(21253,110)
(108485,132)
(9989,58)
(84757,239)
(125781,229)
(77301,108)
(62261,122)
(71621,216)
(86501,154)
(44533,24)
(15909,187)
(98101,49)
(121973,159)
(137589,225)
(81605,237)
(98693,236)
(8485,74)
(72645,146)
(79765,146)
(46661,239)
(137925,231)
(47685,238)
(69877,48)
(113317,228)
(116229,109)
(36101,237)
(130053,170)
(114309,229)
(43173,237)
(113109,168)
(11029,120)
(9349,225)
(86837,239)
(17221,194)
(85557,25)
(48533,68)
(84901,229)
(24229,204)
(77397,170)
(107269,107)
(103365,37)
(49061,145)
(112021,236)
(17557,50)
(131253,204)
(38485,127)
(52773,49)
(105157,191)
(121077,195)
(75237,229)
(123077,217)
(89669,238)
(67365,195)
(44773,239)
(4341,217)
(70453,73)
(30005,58)
(56405,67)
(45637,145)
(99637,226)
(135493,115)
(53493,21)
(32117,145)
(71077,85)
(46165,231)
(62997,177)
(80533,96)
(95957,237)
(96197,171)
(117573,170)
(122789,216)
(51541,69)
(106613,182)
(69861,178)
(80709,238)
(98613,239)
(71157,195)
(126725,192)
(124341,27)
(709,194)
(134101,38)
(105301,74)
(91173,223)
(92501,86)
(40021,13)
(87125,237)
(46117,188)
(87061,84)
(43525,49)
(17429,224)
(16069,225)
(137317,231)
(112277,39)
(107333,170)
(15973,75)
(13669,85)
(26245,213)
(108373,61)
(34021,218)
(62869,85)
(89029,230)
(95893,87)
(2533,239)
(100469,135)
(114533,144)
(63733,228)
(64053,56)
(64453,228)
(13557,81)
(549,157)
(99541,229)
(32213,156)
(49749,238)
(61125,238)
(98501,229)
(134117,27)
(12005,24)
(3573,111)
(23413,128)
(54965,62)
(91637,236)
(115269,194)
(55989,218)
(11077,84)
(75829,179)
(124789,217)
(49845,229)
(35781,194)
(88421,32)
(63541,33)
(104629,47)
(18885,167)
(22949,226)
(45781,195)
(97813,229)
(128277,13)
(98373,237)
(47797,156)
(21989,110)
(54069,229)
(113813,188)
(115637,226)
(53541,231)
(88453,237)
(119077,157)
(50773,38)
(134357,236)
(137637,169)
(80293,118)
(127733,223)
(125013,70)
(80853,60)
(38277,238)
(129461,238)
(123733,120)
(23589,214)
(43861,62)
(39957,84)
(93861,229)
(92421,130)
(11365,159)
(64549,231)
(11621,118)
(12261,55)
(6581,231)
(91909,223)
(78309,224)
(75989,193)
(103861,33)
(49653,231)
(120901,212)
(43285,181)
(4885,238)
(83957,226)
(120437,239)
(90741,49)
(122709,212)
(30629,73)
(104421,215)
(92405,131)
(107173,72)
(67861,110)
(99109,98)
(109077,84)
(50661,37)
(79477,195)
(26453,212)
(85141,24)
(57845,195)
(48069,115)
(136821,62)
(71685,132)
(77925,109)
(133877,92)
(12485,180)
(68485,128)
(73973,228)
(28181,212)
(8533,177)
(77781,183)
(60405,239)
(66725,146)
(66773,158)
(46085,48)
(99989,63)
(1989,238)
(13845,85)
(12469,110)
(34293,228)
(75605,95)
(120117,230)
(58805,131)
(74213,120)
(86869,224)
(45925,14)
(23381,75)
(22565,120)
(89109,45)
(5269,128)
(25557,236)
(53877,12)
(18197,12)
(16789,36)
(73381,239)
(53397,23)
(135509,195)
(83461,74)
(2693,82)
(129493,218)
(128005,105)
(19365,195)
(26037,191)
(77845,34)
(5509,94)
(136277,109)
(58245,193)
(41573,218)
(100997,169)
(100837,157)
(69589,39)
(15317,189)
(137013,231)
(66949,59)
(15013,143)
(29877,80)
(80485,36)
(79045,24)
(645,67)
(25653,129)
(65877,181)
(84629,96)
(126869,237)
(74181,226)
(24613,115)
(116917,92)
(31717,230)
(102773,58)
(20853,237)
(26661,62)
(81525,239)
(15669,212)
(94677,206)
(93893,146)
(23861,116)
(28725,194)
(58309,74)
(58933,226)
(45813,26)
(56869,192)
(100133,230)
(125077,111)
(120005,83)
(125733,224)
(84533,46)
(95877,218)
(38837,180)
(31125,195)
(114389,193)
(124421,239)
(44469,27)
(124885,230)
(108677,212)
(125941,24)
(3429,19)
(121525,144)
(96293,158)
(92677,180)
(59381,225)
(469,20)
(106037,50)
(41637,239)
(102805,236)
(49045,228)
(100901,70)
(4789,226)
(30549,156)
(88149,36)
(91413,120)
(132197,195)
(88469,238)
(81829,191)
(97781,228)
(5685,175)
(19813,179)
(51445,168)
(51333,111)
(36421,177)
(33605,228)
(6757,98)
(125477,225)
(82389,97)
(4245,25)
(122245,106)
(107925,55)
(9365,204)
(78197,109)
(38613,214)
(86693,169)
(127589,176)
(29493,223)
(117365,127)
(5765,13)
(69413,85)
(129909,236)
(38645,169)
(127077,231)
(91429,97)
(9461,60)
(35269,26)
(40677,187)
(35893,194)
(114021,238)
(132005,179)
(46469,225)
(53,193)
(76533,128)
(36773,223)
(85013,146)
(75861,218)
(80165,235)
(93989,178)
(107829,236)
(119637,218)
(46421,169)
(11237,110)
(55861,134)
(86581,225)
(29317,50)
(128821,79)
(128757,166)
(89477,156)
(69,225)
(54757,120)
(55685,132)
(47301,50)
(76789,79)
(5621,203)
(101045,43)
(126133,182)
(129333,36)
(81845,182)
(136613,35)
(12581,158)
(3989,86)
(106741,212)
(16981,239)
(135173,118)
(135797,170)
(69301,230)
(27477,36)
(118101,164)
(42517,33)
(56021,218)
(19189,133)
(78373,127)
(78325,14)
(50133,169)
(94725,122)
(6165,229)
(4117,218)
(20821,226)
(129269,146)
(5461,231)
(20661,74)
(100981,225)
(110309,237)
(40101,82)
(12917,239)
(83317,236)
(19493,238)
(94709,120)
(80677,97)
(113157,237)
(124277,127)
(34981,167)
(42757,153)
(70581,86)
(45717,134)
(129733,37)
(47909,71)
(35029,104)
(131877,38)
(58837,117)
(120837,139)
(79861,157)
(131397,205)
(72197,92)
(65269,180)
(46917,13)
(90069,228)
(119477,110)
(31941,97)
(46933,229)
(65733,187)
(80693,217)
(24165,115)
(61237,131)
(40965,104)
(95317,224)
(23733,182)
(39461,182)
(121813,212)
(7381,175)
(14693,195)
(74293,207)
(94757,236)
(88357,239)
(66293,122)
(126277,24)
(13733,120)
(47237,132)
(7973,224)
(55205,195)
(5845,85)
(17941,231)
(25253,237)
(77317,193)
(123653,141)
(4501,195)
(101317,37)
(123941,217)
(44741,236)
(10021,21)
(12997,109)
(62821,236)
(43269,228)
(87541,206)
(59653,231)
(21141,93)
(16965,81)
(63829,146)
(128933,177)
(114565,187)
(60453,239)
(106501,190)
(84997,143)
(114709,180)
(93621,195)
(50053,85)
(25445,108)
(1893,237)
(28773,204)
(27013,230)
(37029,38)
(18677,167)
(56437,134)
(108709,237)
(41029,26)
(77013,223)
(101461,122)
(55781,237)
(565,191)
(2037,207)
(97397,226)
(114117,106)
(135589,182)
(69813,145)
(94469,177)
(3269,109)
(52677,110)
(74981,81)
(49685,23)
(122901,239)
(14869,237)
(41333,237)
(27317,37)
(71445,12)
(109381,145)
(13621,170)
(80469,94)
(54053,218)
(121957,217)
(53557,182)
(116085,158)
(105605,178)
(31029,95)
(95717,58)
(54581,228)
(104261,140)
(124085,178)
(78581,176)
(6917,181)
(9221,37)
(85493,92)
(119493,178)
(68133,231)
(118789,146)
(3125,239)
(55973,182)
(39509,228)
(54597,155)
(79733,182)
(123749,120)
(63173,14)
(121669,237)
(51717,237)
(22645,187)
(125301,12)
(13077,36)
(97685,223)
(63445,239)
(14645,116)
(49973,61)
(107301,151)
(71493,182)
(108693,61)
(137429,104)
(58037,120)
(22181,61)
(10789,46)
(27189,12)
(62693,72)
(64869,228)
(37061,56)
(67605,39)
(32677,105)
(138021,82)
(82837,235)
(80981,34)
(35525,216)
(108741,235)
(72709,195)
(119893,236)
(108069,120)
(120021,236)
(6597,61)
(64885,188)
(49797,58)
(120533,218)
(125973,188)
(99253,216)
(89893,144)
(135845,120)
(7941,121)
(88133,219)
(62837,19)
(121925,239)
(134901,237)
(72885,105)
(52389,170)
(3093,132)
(56309,238)
(42549,140)
(99061,70)
(6293,225)
(57589,239)
(66373,228)
(31205,98)
(98549,61)
(135221,164)
(127525,223)
(77861,158)
(61893,238)
(109877,188)
(26885,94)
(7477,109)
(122437,238)
(84341,25)
(73189,45)
(54725,182)
(127317,23)
(66789,47)
(261,230)
(37669,224)
(59637,231)
(24581,59)
(72005,98)
(111781,106)
(79989,229)
(37477,193)
(128341,193)
(7141,237)
(65813,85)
(81141,13)
(125877,189)
(60421,35)
(102229,133)
(31077,36)
(20389,182)
(31285,231)
(18949,163)
(86709,224)
(48837,132)
(7269,224)
(49333,143)
(77653,131)
(93605,175)
(96917,238)
(31957,120)
(85605,82)
(110629,74)
(24005,226)
(40821,216)
(127253,142)
(31365,216)
(29909,193)
(115333,86)
(32405,175)
(40613,223)
(38741,24)
(59029,123)
(5205,32)
(48517,129)
(50853,239)
(66853,96)
(50229,158)
(49349,98)
(72277,61)
(39445,225)
(134533,177)
(35509,21)
(116005,195)
(55733,193)
(137749,80)
(26277,99)
(4709,27)
(69653,237)
(43045,127)
(24405,236)
(20037,239)
(74325,182)
(59349,223)
(99493,32)
(70005,167)
(121589,108)
(19973,239)
(2933,62)
(108357,27)
(48581,123)
(105877,217)
(71141,194)
(44517,63)
(3333,236)
(16309,182)
(47333,224)
(24789,218)
(59621,23)
(28405,108)
(116245,164)
(121429,85)
(84581,143)
(116997,178)
(54437,15)
(20133,178)
(85989,109)
(24293,85)
(52133,91)
(90789,223)
(131221,58)
(128917,193)
(67141,80)
(27333,24)
(1445,237)
(122261,48)
(124325,237)
(35157,139)
(80517,128)
(37285,109)
(70037,133)
(52149,229)
(68037,108)
(129941,110)
(23541,177)
(77573,236)
(67397,146)
(11269,145)
(77237,74)
(103269,239)
(35765,151)
(114373,239)
(70469,228)
(13413,170)
(19509,134)
(82709,146)
(111973,212)
(19877,108)
(135669,122)
(133013,229)
(32965,237)
(56565,37)
(123429,71)
(36821,170)
(102597,49)
(100181,230)
(78805,73)
(32053,157)
(59093,107)
(97429,122)
(15349,121)
(9589,60)
(66245,224)
(107397,61)
(52117,86)
(62309,183)
(125333,85)
(81093,179)
(72053,225)
(127013,97)
(135029,156)
(9893,79)
(37237,226)
(104453,224)
(98997,72)
(15141,224)
(107765,194)
(86981,169)
(43445,164)
(39205,229)
(134581,156)
(50933,229)
(34453,50)
(6501,214)
(133429,218)
(105221,87)
(115285,182)
(6709,181)
(60085,169)
(67189,230)
(33557,229)
(92261,106)
(14965,118)
(105797,183)
(8453,154)
(54181,115)
(108085,238)
(86197,229)
(104181,194)
(10853,97)
(64789,133)
(38693,228)
(60725,182)
(6565,194)
(26821,39)
(45605,177)
(133525,237)
(24917,120)
(13509,48)
(64981,201)
(32165,146)
(129109,229)
(28501,83)
(73605,74)
(135749,194)
(4197,171)
(94981,132)
(36005,133)
(102133,229)
(60517,177)
(115381,195)
(56101,146)
(115973,92)
(49445,14)
(22933,182)
(82533,182)
(65989,133)
(42949,103)
(62757,19)
(84869,71)
(124805,111)
(127701,237)
(116901,178)
(33029,204)
(42821,58)
(129509,111)
(22101,201)
(47573,12)
(103669,168)
(35093,14)
(89173,229)
(35221,212)
(74725,231)
(40293,229)
(100805,165)
(65205,237)
(102837,91)
(56005,237)
(136581,71)
(46901,12)
(122933,69)
(35813,230)
(40917,13)
(75365,96)
(106213,170)
(19237,130)
(102581,61)
(15541,229)
(106709,157)
(129765,226)
(49541,61)
(97445,98)
(42005,175)
(133269,84)
(57813,226)
(83573,212)
(109717,93)
(39973,34)
(121797,218)
(21893,83)
(17093,119)
(69973,193)
(31109,223)
(68965,86)
(59781,61)
(85685,182)
(93077,32)
(93589,194)
(14309,193)
(111829,127)
(2213,91)
(23045,238)
(109237,158)
(28421,61)
(72581,237)
(14069,32)
(16773,80)
(96645,14)
(127957,182)
(61957,130)
(71317,19)
(62389,163)
(65781,15)
(48933,235)
(109189,236)
(82869,225)
(47605,49)
(27781,230)
(81941,236)
(138421,169)
(28549,239)
(106773,236)
(82581,121)
(104933,145)
(65749,110)
(52357,169)
(57413,26)
(132341,216)
(65589,153)
(4629,13)
(69717,190)
(95445,237)
(30357,43)
(19253,97)
(45701,183)
(110293,73)
(38805,239)
(133397,58)
(89557,216)
(1077,129)
(41157,239)
(96805,194)
(136597,143)
(60133,224)
(104837,205)
(49125,128)
(59717,195)
(110869,67)
(55397,223)
(69013,214)
(61525,86)
(60213,49)
(123525,104)
(125925,193)
(86517,67)
(60661,225)
(92741,236)
(22613,75)
(67237,135)
(4213,238)
(73365,238)
(14117,238)
(132325,239)
(22325,45)
(95253,26)
(114741,237)
(29621,236)
(82773,26)
(68981,239)
(116405,230)
(111429,98)
(134821,49)
(76677,224)
(118517,57)
(7333,231)
(110597,237)
(58517,145)
(52213,46)
(13525,62)
(32485,95)
(17125,205)
(51461,104)
(41397,157)
(101445,229)
(119061,167)
(68453,217)
(110837,181)
(57957,27)
(79557,224)
(67925,99)
(9813,228)
(47589,23)
(68693,86)
(25941,231)
(131845,195)
(74773,48)
(25477,170)
(104037,105)
(105685,120)
(42373,237)
(54245,192)
(52645,12)
(116325,224)
(118693,86)
(10997,73)
(114261,117)
(10197,93)
(47109,47)
(34597,151)
(41445,180)
(58149,236)
(72117,127)
(79813,49)
(102869,164)
(82117,111)
(137045,71)
(57781,230)
(75317,72)
(60805,61)
(51285,36)
(122213,74)
(121253,229)
(122101,231)
(68085,62)
(129893,237)
(89493,237)
(71365,158)
(126613,169)
(63909,229)
(28805,120)
(15525,110)
(111205,97)
(97093,192)
(117173,62)
(113957,12)
(93301,61)
(118245,97)
(134037,105)
(83381,60)
(77093,218)
(16677,44)
(67077,31)
(29541,226)
(137381,170)
(89573,238)
(58325,188)
(133173,182)
(62405,230)
(106133,36)
(117733,238)
(110805,132)
(24661,74)
(82453,82)
(9685,108)
(18965,60)
(125653,230)
(71781,115)
(65909,108)
(6053,119)
(64997,229)
(70789,168)
(78629,56)
(111797,13)
(116437,230)
(29301,191)
(130549,37)
(126629,108)
(58277,106)
(18357,47)
(26165,239)
(37205,217)
(74277,212)
(63109,73)
(87877,118)
(137125,34)
(77461,225)
(64501,87)
(58197,228)
(114325,46)
(3381,93)
(46741,39)
(91077,98)
(124709,239)
(77445,60)
(108053,230)
(126357,237)
(21365,60)
(131909,57)
(27061,230)
(75125,107)
(128117,58)
(55109,48)
(107141,128)
(83717,69)
(88069,24)
(101621,154)
(29445,127)
(21077,193)
(42885,163)
(83349,223)
(10565,239)
(40565,188)
(89941,158)
(78165,141)
(11957,218)
(44069,97)
(110501,75)
(102117,205)
(21877,92)
(51221,132)
(47717,237)
(20421,61)
(2229,225)
(41189,95)
(95541,82)
(62373,74)
(34693,72)
(27301,155)
(54677,230)
(83493,56)
(100581,193)
(74437,117)
(73573,73)
(62933,145)
(72181,223)
(84965,201)
(64437,239)
(73013,239)
(55941,145)
(31813,182)
(60901,129)
(56213,15)
(49301,103)
(65077,180)
(58469,84)
(58389,195)
(81973,194)
(128101,48)
(95157,169)
(63317,60)
(82997,239)
(20357,182)
(19413,195)
(45157,163)
(50085,106)
(76597,226)
(29413,157)
(32277,170)
(56789,20)
(125557,139)
(86853,194)
(26341,109)
(78789,50)
(53589,218)
(27813,98)
(35285,228)
(32133,139)
(106757,26)
(15205,229)
(112229,238)
(45013,122)
(1189,106)
(136437,37)
(45333,225)
(110661,71)
(99765,229)
(10117,239)
(116309,170)
(106853,120)
(109845,223)
(31909,159)
(129797,170)
(122021,82)
(78837,237)
(123541,97)
(43653,24)
(120693,144)
(59269,86)
(79893,224)
(123189,133)
(12613,142)
(137477,145)
(24101,218)
(31749,239)
(84565,109)
(71237,21)
(109909,204)
(14165,20)
(49941,37)
(100565,92)
(73541,133)
(38901,238)
(121157,236)
(72837,169)
(29077,72)
(32917,109)
(10309,166)
(50101,238)
(111381,111)
(46021,116)
(128837,103)
(92565,47)
(18741,145)
(50581,73)
(87285,73)
(10757,48)
(52997,188)
(43381,237)
(40757,26)
(46485,133)
(22773,237)
(25461,238)
(44869,194)
(94869,180)
(61029,182)
(72853,170)
(44373,24)
(130437,12)
(49813,23)
(95173,120)
(12181,193)
(20181,164)
(23109,238)
(11669,238)
(55637,193)
(2165,175)
(49493,19)
(21957,225)
(93045,230)
(77285,178)
(67941,195)
(122613,238)
(78501,23)
(123845,143)
(50645,79)
(26565,134)
(122149,225)
(7669,239)
(136149,97)
(104133,131)
(29653,230)
(19109,142)
(94517,146)
(63573,20)
(94933,44)
(12949,130)
(75925,192)
(20885,224)
(33013,238)
(96165,217)
(82021,48)
(33509,73)
(84405,86)
(15125,72)
(100725,142)
(45509,120)
(36261,79)
(76261,195)
(72965,115)
(126421,182)
(122821,85)
(107909,127)
(137157,25)
(62549,120)
(28533,73)
(66485,70)
(79493,224)
(87653,144)
(133589,224)
(112261,239)
(132309,224)
(70341,120)
(53861,24)
(113669,218)
(62133,96)
(62005,224)
(61701,207)
(53509,123)
(65637,217)
(66869,182)
(117381,229)
(77733,228)
(39877,86)
(54997,195)
(36933,163)
(78485,181)
(121989,193)
(80021,62)
(65141,72)
(77525,63)
(11701,84)
(47493,129)
(62245,237)
(125285,169)
(17781,96)
(125045,229)
(38885,231)
(14325,229)
(53029,204)
(130773,110)
(67957,224)
(81157,61)
(93781,123)
(132517,178)
(130613,140)
(69029,32)
(138325,38)
(73461,69)
(9109,171)
(35477,111)
(130837,235)
(18245,225)
(12933,237)
(57749,123)
(14229,195)
(55237,75)
(106229,183)
(18005,122)
(74405,226)
(101797,74)
(87781,110)
(116533,187)
(121125,45)
(75269,182)
(77173,122)
(63813,238)
(86325,120)
(109973,195)
(100453,157)
(108725,59)
(122053,191)
(132917,176)
(42149,146)
(116485,229)
(37861,239)
(137093,69)
(13749,26)
(60245,79)
(60965,122)
(114453,99)
(15061,238)
(113621,120)
(42325,189)
(132133,60)
(51573,96)
(84117,72)
(135573,110)
(78101,182)
(20965,166)
(21701,238)
(87141,238)
(101269,235)
(116741,116)
(18901,195)
(39397,87)
(36629,119)
(62581,92)
(119029,177)
(104725,109)
(52533,55)
(70389,74)
(128805,178)
(42789,182)
(134869,195)
(47029,217)
(8181,131)
(14821,85)
(56933,183)
(37269,157)
(17365,12)
(28949,237)
(99333,187)
(24869,157)
(61669,24)
(21845,84)
(86245,72)
(61429,121)
(84245,193)
(89957,45)
(100229,146)
(8149,61)
(73285,218)
(25925,225)
(18869,181)
(136565,195)
(11189,57)
(137365,217)
(135717,192)
(125637,170)
(135925,237)
(87445,37)
(13429,164)
(112917,37)
(123093,224)
(35557,182)
(84453,145)
(49605,187)
(131589,24)
(60869,239)
(111893,170)
(118725,20)
(113349,235)
(15077,187)
(117557,187)
(78261,106)
(19141,229)
(1797,86)
(83765,24)
(91749,214)
(83173,204)
(17845,187)
(93701,213)
(114181,55)
(3301,195)
(131493,79)
(129573,96)
(24677,180)
(84389,212)
(133829,236)
(38261,27)
(103061,93)
(86453,144)
(62485,239)
(40837,133)
(58261,182)
(10741,190)
(61973,151)
(78709,170)
(61493,48)
(89317,109)
(67909,213)
(51205,146)
(33493,74)
(54405,180)
(77253,115)
(46277,118)
(10949,226)
(56469,225)
(56501,81)
(102725,153)
(105717,151)
(48869,192)
(83125,50)
(14997,226)
(126597,14)
(50549,194)
(126741,216)
(92789,132)
(30405,170)
(25157,73)
(45557,121)
(53349,238)
(138277,72)
(67845,95)
(114613,120)
(135957,50)
(13797,231)
(24725,231)
(76917,216)
(120581,23)
(59397,239)
(86261,178)
(138069,182)
(7541,38)
(82549,119)
(88117,193)
(52501,120)
(97237,45)
(12197,107)
(115237,154)
(74645,74)
(70997,98)
(92725,239)
(61477,165)
(65701,143)
(19093,229)
(5221,99)
(73061,228)
(91029,182)
(86021,181)
(86917,108)
(79845,181)
(33989,170)
(101861,152)
(59605,96)
(54293,163)
(120741,128)
(53141,109)
(72309,86)
(26757,153)
(13541,212)
(6389,239)
(26549,130)
(103829,60)
(83781,182)
(116709,239)
(116133,230)
(85157,71)
(20597,215)
(70325,85)
(90325,218)
(104117,61)
(128085,165)
(108549,71)
(52453,229)
(112245,36)
(9141,56)
(123813,195)
(43605,36)
(96677,143)
(130421,47)
(67413,212)
(90629,14)
(357,189)
(81109,15)
(128197,218)
(126901,142)
(11333,132)
(131637,223)
(69205,94)
(15365,120)
(115541,158)
(2549,181)
(124517,183)
(74533,155)
(19797,193)
(22421,79)
(2437,218)
(73989,50)
(41141,178)
(84373,211)
(60885,141)
(14005,84)
(91269,236)
(57141,14)
(98293,98)
(136933,224)
(132965,59)
(48037,110)
(74517,145)
(29845,91)
(71573,154)
(72501,207)
(42533,237)
(70885,193)
(80101,187)
(96245,229)
(129973,237)
(138485,36)
(127365,169)
(72373,48)
(81269,158)
(87717,95)
(33813,155)
(63589,205)
(108629,190)
(112565,182)
(20261,15)
(6021,182)
(109045,195)
(94821,110)
(79381,226)
(51109,130)
(59429,133)
(44021,171)
(22869,194)
(103893,94)
(122133,182)
(128181,145)
(8933,204)
(70197,228)
(134837,98)
(65717,229)
(71669,236)
(113093,170)
(65381,95)
(105189,183)
(94309,13)
(120245,85)
(109765,187)
(58565,164)
(87093,230)
(104645,131)
(70565,225)
(111045,229)
(119141,238)
(130725,120)
(59797,238)
(127029,166)
(11413,111)
(107845,239)
(81477,48)
(49781,217)
(129381,238)
(19285,108)
(86069,127)
(95333,239)
(99781,86)
(134709,58)
(118309,79)
(38069,111)
(102021,195)
(117829,130)
(693,63)
(40309,217)
(26837,224)
(20501,25)
(66501,239)
(9669,182)
(99621,21)
(33653,177)
(21221,154)
(83909,231)
(82261,230)
(56885,239)
(75749,91)
(68917,110)
(90917,183)
(25893,239)
(132565,202)
(34421,195)
(112709,231)
(5013,73)
(76709,163)
(57333,144)
(80965,236)
(91317,24)
(93333,140)
(6069,120)
(92709,84)
(11797,218)
(64949,68)
(78117,182)
(54165,180)
(121621,239)
(54037,177)
(70533,224)
(90677,207)
(94533,97)
(62277,229)
(135381,188)
(13589,96)
(76853,230)
(85109,182)
(98869,218)
(28741,144)
(38053,216)
(68821,130)
(20469,91)
(43541,182)
(25701,203)
(104405,239)
(124053,239)
(12277,237)
(102197,188)
(126101,49)
(34165,204)
(36597,225)
(12085,195)
(27093,193)
(30021,12)
(67813,145)
(97125,37)
(72677,129)
(18709,25)
(107509,67)
(2997,193)
(45461,20)
(59749,62)
(41797,239)
(114421,110)
(39365,43)
(104789,121)
(18085,226)
(37413,146)
(119285,131)
(124165,129)
(42357,236)
(47845,231)
(109349,140)
(8309,117)
(85909,93)
(68421,181)
(127301,12)
(34869,95)
(117125,236)
(23957,216)
(122549,105)
(101413,187)
(135429,194)
(8197,140)
(56357,212)
(137493,84)
(35637,85)
(76069,207)
(14261,226)
(8133,49)
(118373,122)
(37653,236)
(52325,217)
(81685,238)
(121381,132)
(15589,230)
(13829,13)
(107557,122)
(59941,73)
(84277,218)
(101141,228)
(123589,99)
(10261,191)
(127909,229)
(12213,157)
(39685,134)
(13093,99)
(92149,60)
(25813,194)
(55125,85)
(134597,225)
(44629,86)
(13909,67)
(117317,228)
(36197,230)
(44645,236)
(97077,216)
(35237,61)
(89413,156)
(20869,187)
(12789,168)
(77413,135)
(10325,24)
(3237,238)
(38389,182)
(82181,20)
(4021,39)
(100821,182)
(120853,71)
(71941,177)
(135301,120)
(43989,180)
(34805,225)
(84885,122)
(12693,218)
(100005,144)
(127765,49)
(17989,14)
(25525,72)
(38437,167)
(75653,145)
(73141,96)
(33317,14)
(27669,115)
(109253,231)
(7909,132)
(1557,223)
(102997,181)
(124693,187)
(28981,193)
(68245,132)
(127061,212)
(134613,238)
(100501,25)
(103925,159)
(43125,182)
(11429,92)
(38357,71)
(97861,169)
(7413,155)
(34229,223)
(14773,180)
(30613,223)
(116261,79)
(109573,127)
(35717,130)
(44549,159)
(70837,182)
(17077,218)
(42837,228)
(26805,237)
(68437,132)
(3141,62)
(29749,226)
(70437,97)
(62229,228)
(13317,120)
(113045,36)
(19045,238)
(47973,129)
(96597,31)
(21493,191)
(42341,75)
(120197,27)
(57445,37)
(107221,92)
(118629,238)
(72245,127)
(94389,37)
(25381,93)
(16165,178)
(67749,128)
(84549,109)
(109637,194)
(134197,31)
(117461,31)
(26053,228)
(60741,237)
(27109,85)
(84213,237)
(3973,50)
(128853,92)
(131813,24)
(19925,236)
(78885,118)
(68181,49)
(99973,165)
(36229,92)
(35573,183)
(69141,207)
(85365,237)
(30917,143)
(115605,164)
(122597,216)
(135365,85)
(9029,229)
(91989,231)
(64261,155)
(2021,182)
(103013,36)
(96581,238)
(137237,157)
(56677,43)
(118005,14)
(134149,12)
(129221,127)
(46581,84)
(105989,146)
(58181,72)
(137685,87)
(138213,110)
(31509,182)
(120949,72)
(131749,38)
(10389,59)
(123861,216)
(81589,231)
(49141,203)
(88405,103)
(25829,103)
(109541,193)
(22981,127)
(50245,19)
(36357,228)
(97141,171)
(453,226)
(112085,239)
(101077,236)
(76869,73)
(127781,37)
(130373,130)
(22357,60)
(56997,72)
(53925,181)
(52965,143)
(7189,118)
(83077,62)
(29605,157)
(8997,180)
(12165,223)
(13269,229)
(30949,12)
(63477,120)
(90261,31)
(95989,110)
(8757,158)
(16597,238)
(115429,60)
(38789,177)
(16469,229)
(96437,43)
(12101,50)
(98645,68)
(35877,225)
(4853,86)
(19605,115)
(129685,228)
(29029,230)
(48005,179)
(93557,225)
(61157,237)
(124405,34)
(97045,238)
(111109,60)
(107445,36)
(87333,229)
(31685,158)
(38549,45)
(133477,223)
(105509,239)
(55349,12)
(16453,163)
(33845,218)
(133557,195)
(34853,24)
(71173,122)
(26597,23)
(114437,85)
(127813,45)
(33541,216)
(86053,229)
(127093,79)
(36053,153)
(75141,108)
(101285,72)
(52933,139)
(107205,239)
(129141,48)
(39845,230)
(74453,92)
(121397,193)
(69637,165)
(81669,34)
(117989,50)
(58133,170)
(131109,86)
(34517,73)
(103397,96)
(78565,169)
(68101,143)
(38533,176)
(14501,180)
(92821,63)
(26981,120)
(15301,61)
(114005,86)
(100869,217)
(52597,212)
(26005,228)
(98805,212)
(125989,212)
(110373,105)
(55365,237)
(16869,72)
(109621,120)
(32261,26)
(22149,188)
(103781,107)
(132485,117)
(118917,228)
(61397,86)
(44165,218)
(12805,168)
(68741,31)
(112949,195)
(2581,96)
(15253,154)
(52693,121)
(132773,118)
(67701,228)
(33413,70)
(23349,133)
(66645,180)
(92869,94)
(32805,50)
(17381,205)
(96869,120)
(81445,92)
(111685,194)
(81621,133)
(80005,24)
(58485,230)
(95189,218)
(51397,195)
(93733,60)
(28149,117)
(32597,61)
(82693,73)
(43685,231)
(32709,132)
(110517,179)
(104757,145)
(9941,80)
(10293,182)
(35701,195)
(70069,205)
(87109,191)
(31349,85)
(34709,180)
(136869,96)
(43029,182)
(23925,236)
(94661,239)
(119429,228)
(105909,105)
(94149,223)
(34389,132)
(44597,218)
(89605,127)
(54821,195)
(112501,216)
(95525,134)
(70181,217)
(48773,38)
(3541,214)
(23557,224)
(42405,155)
(88981,68)
(47269,230)
(47061,106)
(116213,103)
(57557,237)
(115653,180)
(99509,132)
(10245,177)
(125349,83)
(136677,134)
(31525,110)
(65029,147)
(50405,35)
(56485,122)
(56373,237)
(106309,60)
(87157,228)
(71797,109)
(135157,182)
(92069,229)
(1205,182)
(110789,128)
(24997,121)
(100949,146)
(30597,216)
(124949,146)
(91797,193)
(130149,32)
(43477,164)
(5957,237)
(49237,128)
(21109,110)
(109461,168)
(34069,230)
(12629,49)
(2005,134)
(35925,43)
(77813,35)
(29477,177)
(14245,212)
(26373,238)
(80069,73)
(90341,236)
(62629,145)
(93909,23)
(79301,236)
(85461,158)
(85797,106)
(114789,177)
(102325,238)
(110421,170)
(130453,230)
(133221,229)
(111909,35)
(130565,218)
(981,145)
(12325,239)
(121141,238)
(113749,108)
(82933,44)
(71557,37)
(137061,153)
(31701,61)
(46821,122)
(68325,67)
(69461,223)
(94997,182)
(28853,236)
(104469,193)
(58725,193)
(51893,86)
(108005,237)
(126885,127)
(75957,181)
(120469,74)
(89717,237)
(106277,187)
(42581,237)
(35797,122)
(96421,48)
(2053,206)
(47861,25)
(67045,189)
(112165,48)
(93717,132)
(89365,236)
(4165,12)
(82341,80)
(88293,103)
(92181,61)
(137797,187)
(111525,205)
(53221,38)
(120789,237)
(116677,47)
(32181,131)
(87509,231)
(46101,56)
(103941,12)
(45989,212)
(135349,187)
(98229,146)
(43925,128)
(18485,237)
(84037,120)
(60757,236)
(39157,91)
(97493,44)
(108837,215)
(72021,237)
(9717,195)
(83685,193)
(64197,236)
(137253,224)
(83749,236)
(31621,223)
(49717,239)
(67269,86)
(88181,132)
(5285,182)
(19173,214)
(79669,26)
(47221,80)
(110181,134)
(13637,12)
(39653,145)
(44261,56)
(38725,62)
(3013,236)
(103109,144)
(105749,195)
(64517,214)
(69797,239)
(6677,99)
(103253,15)
(28165,87)
(72517,97)
(27269,48)
(33237,165)
(118997,225)
(93637,217)
(91669,236)
(123781,237)
(6965,228)
(19477,133)
(5333,84)
(60949,145)
(52101,61)
(10069,84)
(39029,85)
(23749,195)
(48917,140)
(78533,151)
(3717,62)
(118165,230)
(121845,134)
(134277,176)
(116789,239)
(126549,225)
(37973,158)
(44005,143)
(61781,230)
(88661,239)
(107253,21)
(127493,144)
(136885,158)
(68517,181)
(123909,82)
(5445,48)
(1253,182)
(76821,86)
(16933,142)
(56453,229)
(128981,239)
(4677,139)
(45797,228)
(8677,215)
(36085,26)
(15797,145)
(68773,230)
(85397,134)
(135141,56)
(129253,12)
(46453,180)
(25573,141)
(44149,236)
(113253,214)
(58165,182)
(38965,50)
(29061,115)
(104917,237)
(38245,120)
(94549,191)
(96773,73)
(104821,27)
(77893,22)
(77701,132)
(2149,236)
(132581,164)
(110149,183)
(79781,60)
(66037,236)
(120277,217)
(73029,230)
(29237,85)
(10981,181)
(101541,216)
(123253,202)
(114229,46)
(126197,169)
(68533,69)
(62021,190)
(82053,190)
(66757,74)
(97349,193)
(48549,133)
(42437,60)
(33973,140)
(8469,214)
(54453,115)
(44917,229)
(32389,87)
(1381,181)
(63365,72)
(110485,62)
(23893,218)
(51733,229)
(116549,31)
(129429,119)
(84229,212)
(108309,182)
(92549,105)
(30757,25)
(65893,182)
(103813,85)
(130757,238)
(13461,229)
(127973,230)
(73509,187)
(51605,237)
(95397,85)
(116757,214)
(34901,146)
(119925,35)
(58341,230)
(25317,45)
(133509,182)
(4309,43)
(7157,237)
(81045,239)
(59253,73)
(100757,170)
(42725,156)
(73317,239)
(94645,239)
(36533,133)
(94901,86)
(70965,194)
(86405,50)
(28469,105)
(24533,164)
(37317,73)
(81541,26)
(124469,122)
(33125,163)
(46325,24)
(24885,180)
(1781,217)
(11301,13)
(90405,151)
(62645,205)
(114037,106)
(82629,188)
(24645,71)
(11685,230)
(66533,24)
(125397,132)
(124149,238)
(56517,239)
(44709,37)
(28613,212)
(101877,60)
(23685,178)
(121765,15)
(14533,182)
(122197,38)
(1701,108)
(20085,229)
(126757,128)
(1301,226)
(20245,223)
(27749,146)
(58901,229)
(119509,228)
(74165,187)
(111717,105)
(102213,13)
(129365,238)
(134981,228)
(15029,132)
(43077,120)
(105525,13)
(63077,156)
(28197,74)
(110741,74)
(135877,239)
(45589,146)
(71717,157)
(7925,106)
(78341,56)
(61013,96)
(91605,61)
(16661,239)
(115189,237)
(59157,238)
(119013,86)
(19893,236)
(373,105)
(119349,97)
(46037,181)
(54549,48)
(28437,158)
(25909,236)
(42277,36)
(92997,236)
(100517,98)
(15237,230)
(116277,49)
(17749,120)
(40549,168)
(78277,75)
(11061,217)
(44245,238)
(50709,230)
(62949,239)
(123013,237)
(12437,81)
(11093,73)
(43765,229)
(20485,103)
(85189,218)
(78069,130)
(35957,218)
(37717,181)
(10661,230)
(56853,106)
(65669,146)
(12661,206)
(76469,139)
(91493,214)
(7301,237)
(83557,12)
(120101,207)
(137973,230)
(107941,122)
(61317,182)
(122181,106)
(49461,204)
(135813,71)
(34549,38)
(44965,85)
(13157,60)
(41413,157)
(122741,74)
(124069,13)
(49669,153)
(60565,51)
(72085,49)
(136389,152)
(124821,237)
(46533,56)
(17653,118)
(6933,229)
(121173,229)
(87557,237)
(126789,183)
(885,155)
(70277,238)
(1477,86)
(62501,26)
(57269,229)
(89253,23)
(86933,183)
(103909,91)
(4101,110)
(37573,170)
(131605,157)
(95621,21)
(136261,117)
(109893,215)
(96965,182)
(126213,120)
(31013,183)
(38597,81)
(45173,23)
(107877,82)
(63637,73)
(121333,157)
(23765,230)
(4517,230)
(14613,144)
(29349,24)
(88885,156)
(119653,27)
(113829,91)
(56949,195)
(62965,51)
(48261,238)
(19637,58)
(63893,182)
(83189,218)
(20645,235)
(20741,194)
(28917,144)
(81237,56)
(107781,223)
(56133,38)
(79573,217)
(107093,154)
(113077,195)
(116469,157)
(117253,51)
(43093,229)
(45909,223)
(44661,230)
(117973,22)
(3413,14)
(24629,33)
(62101,145)
(103701,61)
(66421,27)
(57525,63)
(8261,13)
(86437,170)
(62613,229)
(138085,195)
(13349,144)
(119093,235)
(15493,75)
(131237,63)
(95749,178)
(16709,226)
(46789,205)
(35589,152)
(98005,218)
(76101,44)
(128581,193)
(65253,106)
(26069,179)
(12133,15)
(45845,94)
(14853,49)
(71861,218)
(93925,13)
(85093,75)
(96693,80)
(66101,120)
(68725,26)
(29669,237)
(109669,239)
(135701,195)
(110165,236)
(80581,239)
(26677,212)
(10581,225)
(55893,146)
(71605,134)
(101717,166)
(67333,128)
(6277,238)
(53765,45)
(773,236)
(12341,168)
(22437,103)
(7109,133)
(63045,229)
(104741,181)
(27381,228)
(137909,45)
(75637,35)
(134245,20)
(36021,211)
(91813,195)
(30661,230)
(66837,50)
(114165,226)
(30421,123)
(69493,36)
(24277,193)
(106629,121)
(9333,63)
(613,83)
(48309,123)
(33909,158)
(69333,109)
(65317,122)
(130805,12)
(70373,182)
(124181,127)
(121317,182)
(25285,214)
(9557,14)
(89973,12)
(66341,178)
(63413,103)
(39813,187)
(97733,224)
(76453,122)
(101957,228)
(70661,56)
(96373,36)
(91925,238)
(95477,60)
(117221,81)
(121685,156)
(133621,181)
(73205,218)
(133749,111)
(40869,226)
(66069,35)
(38757,179)
(83861,217)
(90421,13)
(72293,45)
(30325,36)
(79637,14)
(71029,58)
(107717,212)
(73237,238)
(2757,120)
(132501,127)
(88229,230)
(44101,15)
(3557,109)
(21685,218)
(95973,168)
(90853,37)
(4229,223)
(80901,159)
(90869,194)
(115093,73)
(92277,55)
(136245,190)
(122501,158)
(11781,237)
(7637,85)
(29013,226)
(23173,97)
(53365,60)
(114469,127)
(128325,129)
(56581,169)
(97941,235)
(41285,191)
(7893,134)
(104853,229)
(78005,226)
(34533,236)
(60981,237)
(72869,239)
(66821,25)
(10805,57)
(63669,176)
(17477,187)
(74197,237)
(83829,74)
(56533,98)
(96821,109)
(38325,176)
(23317,183)
(39701,237)
(48693,236)
(33109,229)
(40725,238)
(54645,145)
(86629,231)
(120293,178)
(34197,177)
(46261,158)
(9909,158)
(49477,191)
(91653,163)
(135861,236)
(130293,132)
(94181,128)
(28709,213)
(128997,142)
(134181,34)
(24549,178)
(52565,59)
(68709,181)
(75349,229)
(97109,133)
(4741,24)
(27733,83)
(134885,145)
(128261,237)
(71093,97)
(3509,218)
(6661,96)
(63525,115)
(54949,132)
(21333,182)
(28693,122)
(134645,98)
(68309,73)
(60645,109)
(8245,58)
(90501,61)
(8661,238)
(40629,216)
(11557,182)
(45397,103)
(129189,238)
(15109,110)
(69733,195)
(63557,170)
(70613,55)
(73621,235)
(109365,231)
(110645,236)
(11973,194)
(26101,74)
(106645,45)
(26869,24)
(2981,145)
(67669,143)
(84933,121)
(41013,97)
(19269,163)
(47317,182)
(68293,19)
(68405,98)
(75445,183)
(130357,191)
(136725,108)
(112437,50)
(85285,133)
(20693,130)
(22997,86)
(111349,177)
(104373,177)
(68501,144)
(15477,176)
(39589,143)
(121045,49)
(108853,144)
(83797,62)
(94773,189)
(50629,169)
(9525,238)
(56597,231)
(229,169)
(39045,79)
(78229,142)
(31189,35)
(119317,187)
(29925,110)
(131029,134)
(89637,188)
(27525,151)
(138005,116)
(61717,228)
(84197,180)
(122469,237)
(65541,236)
(49877,106)
(88053,60)
(57365,97)
(63381,236)
(62885,214)
(46565,229)
(135829,192)
(48021,229)
(24149,73)
(42853,235)
(111989,237)
(64773,158)
(997,74)
(2085,56)
(59045,146)
(112805,191)
(22069,200)
(58581,44)
(92357,23)
(93541,182)
(16901,212)
(76149,182)
(115989,183)
(88085,107)
(123621,96)
(43397,93)
(75333,239)
(77509,56)
(118741,192)
(111637,122)
(42133,228)
(124501,182)
(81221,238)
(131781,26)
(128613,167)
(87861,120)
(79925,237)
(46869,158)
(123029,166)
(29461,119)
(51413,187)
(138437,26)
(45029,35)
(84661,97)
(113573,238)
(104309,61)
(134949,135)
(34485,111)
(126293,81)
(70757,24)
(87189,239)
(13333,181)
(24069,103)
(44325,115)
(101,238)
(68197,230)
(89189,142)
(3637,193)
(117077,63)
(50453,120)
(79525,228)
(108181,109)
(111157,50)
(121221,34)
(136517,237)
(88741,229)
(96789,191)
(101989,121)
(86213,156)
(127461,69)
(6405,93)
(20149,195)
(50213,183)
(102293,139)
(92645,123)
(115701,75)
(341,132)
(40661,130)
(119461,111)
(11989,56)
(84501,214)
(60629,132)
(82901,132)
(92533,75)
(69925,141)
(122581,170)
(63061,22)
(73861,229)
(82981,57)
(18693,12)
(133109,231)
(22133,235)
(27557,155)
(64373,135)
(95061,56)
(90389,218)
(22085,22)
(77605,170)
(126325,74)
(25493,109)
(213,27)
(82741,178)
(70629,60)
(84677,92)
(126069,231)
(102709,38)
(31477,71)
(62789,131)
(63461,228)
(59141,131)
(84517,91)
(86389,237)
(40085,38)
(126341,217)
(133989,180)
(22885,158)
(53797,180)
(127829,168)
(11445,169)
(104549,236)
(131973,79)
(91381,129)
(97765,214)
(127237,228)
(58213,110)
(11381,238)
(120997,187)
(36037,236)
(115781,226)
(136709,239)
(124629,118)
(135397,92)
(8629,217)
(16261,55)
(80389,230)
(89093,168)
(66133,62)
(133381,75)
(106901,238)
(21157,157)
(100037,31)
(41349,60)
(88165,13)
(3909,195)
(80565,169)
(26261,128)
(12517,230)
(130629,12)
(83109,140)
(130469,229)
(64917,129)
(24325,168)
(118965,56)
(112981,134)
(121061,231)
(11573,191)
(14053,159)
(107461,238)
(6101,120)
(37829,231)
(33701,238)
(51253,84)
(131989,130)
(74933,235)
(113781,237)
(105285,13)
(109701,151)
(67509,238)
(46437,50)
(102165,230)
(78741,236)
(117301,163)
(18533,134)
(39925,62)
(123989,95)
(116517,158)
(119221,177)
(129701,214)
(10917,142)
(51493,238)
(61589,37)
(8821,231)
(66965,97)
(111029,70)
(134629,223)
(111861,97)
(74885,74)
(126773,175)
(94037,132)
(136005,236)
(93765,104)
(46549,195)
(98677,225)
(84597,177)
(48437,230)
(48245,231)
(1925,97)
(29813,122)
(43013,128)
(2405,110)
(110133,180)
(98245,236)
(86357,35)
(134261,59)
(36245,80)
(88853,191)
(99013,180)
(90997,134)
(105781,231)
(118677,176)
(134325,189)
(34581,26)
(63685,231)
(114357,237)
(74037,237)
(131765,73)
(36549,154)
(84485,115)
(82565,230)
(40197,190)
(6741,81)
(51061,239)
(120213,226)
(96405,96)
(103621,187)
(109157,80)
(110757,60)
(128901,99)
(97301,168)
(136469,19)
(48965,195)
(69173,231)
(22021,103)
(66901,168)
(103877,37)
(16645,193)
(73125,229)
(29173,146)
(53781,195)
(43493,120)
(132069,180)
(29269,108)
(68357,238)
(1029,239)
(34245,218)
(72757,182)
(58853,235)
(53653,94)
(109589,168)
(134421,92)
(85877,133)
(91157,236)
(34149,145)
(40645,218)
(95381,87)
(98933,14)
(86597,85)
(90533,163)
(1125,43)
(85317,55)
(86165,129)
(98469,191)
(23829,178)
(126533,170)
(122325,87)
(28085,169)
(99445,15)
(56837,85)
(79909,70)
(76517,183)
(15893,170)
(89925,60)
(40229,142)
(136373,44)
(106181,239)
(56901,134)
(110117,155)
(24053,12)
(33093,195)
(80245,228)
(10149,85)
(42645,238)
(40805,55)
(75397,67)
(118613,182)
(75973,120)
(132869,211)
(63653,25)
(98037,187)
(113765,57)
(134565,104)
(40997,167)
(119109,128)
(103525,83)
(89525,239)
(4933,182)
(36917,26)
(11893,228)
(68645,131)
(3845,14)
(5733,223)
(13765,60)
(105765,237)
(25973,193)
(869,120)
(79173,224)
(64341,134)
(12853,238)
(91093,33)
(48117,14)
(55429,23)
(126021,38)
(44997,194)
(131445,200)
(43909,182)
(123173,236)
(54981,127)
(75589,225)
(88965,193)
(40389,121)
(130917,60)
(128597,128)
(90549,87)
(88677,83)
(22469,187)
(12981,195)
(79589,229)
(6213,69)
(121237,111)
(8277,24)
(17285,49)
(69093,36)
(27237,36)
(96309,13)
(118885,194)
(34741,21)
(45301,140)
(114069,49)
(60197,32)
(14389,215)
(105429,216)
(3749,170)
(110725,46)
(7029,85)
(11109,117)
(8581,194)
(19349,71)
(62085,140)
(127749,146)
(12965,93)
(34645,57)
(68629,132)
(84837,207)
(87077,206)
(13445,85)
(131685,32)
(77061,230)
(131461,201)
(61093,216)
(36949,195)
(43413,56)
(17045,24)
(64149,152)
(81877,143)
(136069,98)
(121477,58)
(75813,182)
(76341,236)
(129861,84)
(77029,134)
(9157,237)
(122005,129)
(57541,236)
(34053,86)
(134389,14)
(45413,85)
(20805,25)
(74965,122)
(32197,85)
(45893,120)
(16693,25)
(40693,129)
(58021,44)
(106805,23)
(104885,147)
(28645,228)
(7653,178)
(30789,191)
(63333,224)
(124229,79)
(133781,14)
(125061,121)
(127413,201)
(69669,87)
(5349,218)
(42773,195)
(113029,134)
(111189,85)
(78821,12)
(105093,118)
(41045,93)
(14789,230)
(35189,236)
(17637,145)
(68229,217)
(37813,226)
(127269,193)
(126373,187)
(29509,132)
(3365,13)
(79541,225)
(71253,228)
(9877,120)
(83429,218)
(126517,182)
(132661,129)
(38021,24)
(34261,32)
(134725,98)
(41125,84)
(86533,237)
(53461,35)
(51685,230)
(8005,59)
(58965,146)
(36901,229)
(134917,187)
(122037,228)
(90213,217)
(135461,237)
(61349,155)
(128869,15)
(9493,236)
(52197,238)
(17413,238)
(96725,12)
(113397,216)
(107813,24)
(54389,193)
(81173,72)
(53989,193)
(24421,106)
(98741,61)
(54469,157)
(108757,21)
(66197,132)
(22453,142)
(12309,229)
(81365,58)
(46149,223)
(101061,74)
(65397,191)
(128437,169)
(69285,223)
(120037,178)
(100693,110)
(57205,71)
(80645,159)
(52005,182)
(18309,108)
(103141,72)
(112341,238)
(120821,228)
(10901,229)
(83637,48)
(52421,26)
(17301,86)
(57125,14)
(17797,231)
(15573,228)
(49109,144)
(136293,143)
(34917,128)
(108501,58)
(933,50)
(32533,93)
(92837,238)
(104693,59)
(129669,166)
(8229,129)
(36613,81)
(11477,48)
(53701,71)
(15717,191)
(45109,236)
(122885,129)
(110053,21)
(17861,169)
(120261,216)
(41093,230)
(12885,14)
(111845,121)
(30245,146)
(18133,93)
(39861,20)
(56549,127)
(112837,152)
(12709,24)
(13125,189)
(124357,166)
(86885,95)
(14549,32)
(72917,49)
(54101,122)
(82133,79)
(118405,192)
(132085,238)
(23941,168)
(73749,120)
(10821,73)
(98965,230)
(63157,103)
(108133,229)
(123061,230)
(132181,218)
(661,110)
(124645,193)
(62853,80)
(47557,170)
(86757,180)
(131893,34)
(119381,167)
(8773,183)
(100293,229)
(92053,14)
(115029,119)
(103989,182)
(129061,236)
(9317,34)
(15925,195)
(32437,204)
(55477,110)
(28565,180)
(52805,229)
(77365,237)
(135989,26)
(101493,159)
(53285,236)
(117861,93)
(18293,235)
(70917,224)
(105845,223)
(107957,168)
(41525,229)
(25269,80)
(54021,146)
(105125,35)
(77957,181)
(73493,236)
(36405,61)
(105445,236)
(3221,34)
(31221,121)
(22533,115)
(26213,44)
(89829,218)
(105557,67)
(31925,230)
(121573,239)
(1269,38)
(94021,195)
(103493,104)
(108229,229)
(2773,231)
(66677,238)
(70357,224)
(101349,179)
(60277,24)
(65653,229)
(6437,75)
(47125,123)
(58117,71)
(83413,58)
(119365,237)
(26421,237)
(45077,93)
(80741,229)
(122357,204)
(14373,187)
(54117,44)
(14837,34)
(76725,87)
(130997,238)
(16357,26)
(101509,205)
(22037,216)
(127125,237)
(58549,168)
(73557,157)
(61621,236)
(88389,177)
(121733,154)
(134661,177)
(127333,51)
(1349,56)
(75781,212)
(45669,85)
(115733,70)
(117653,143)
(112117,93)
(124197,195)
(112533,84)
(97333,239)
(35205,238)
(64405,180)
(74757,144)
(83509,187)
(5941,195)
(119829,25)
(115445,204)
(55669,105)
(52037,226)
(94357,118)
(42901,50)
(121349,187)
(72261,239)
(77557,181)
(34565,177)
(121557,127)
(127845,194)
(118197,188)
(1173,120)
(9765,39)
(133205,23)
(88533,236)
(126117,127)
(129237,171)
(135781,228)
(30197,175)
(61541,58)
(73173,226)
(104949,132)
(111317,103)
(103605,180)
(51317,20)
(112549,121)
(78453,164)
(113589,194)
(132021,38)
(97573,237)
(54421,86)
(99141,193)
(8341,128)
(131957,49)
(65957,91)
(50293,86)
(101429,231)
(5493,50)
(61877,231)
(86373,218)
(61189,144)
(16325,110)
(41253,108)
(90485,144)
(107605,39)
(62453,228)
(130005,157)
(78725,87)
(104661,12)
(72229,72)
(26741,94)
(117349,123)
(70517,50)
(110197,223)
(69061,127)
(131557,141)
(117541,79)
(95269,223)
(110405,217)
(13653,49)
(108565,219)
(136341,187)
(901,55)
(54197,239)
(7525,195)
(116949,228)
(59493,55)
(4533,229)
(7493,92)
(87413,130)
(31877,236)
(99717,212)
(96933,182)
(52293,110)
(42261,181)
(55813,130)
(123045,115)
(17461,67)
(7445,86)
(79157,231)
(119253,84)
(60149,236)
(45349,230)
(88549,188)
(67589,195)
(34469,84)
(21733,190)
(67205,191)
(104613,228)
(25397,190)
(39381,176)
(44405,236)
(65285,50)
(47205,238)
(124005,191)
(5749,50)
(14421,187)
(95205,238)
(17269,190)
(131381,60)
(108981,154)
(42693,238)
(39525,182)
(43109,84)
(46677,120)
(42181,224)
(50757,230)
(129749,115)
(7605,235)
(123573,15)
(131349,108)
(21829,110)
(60837,48)
(120965,237)
(5237,166)
(14181,120)
(2389,194)
(8709,67)
(94853,132)
(44277,20)
(106405,58)
(101845,195)
(135125,26)
(48741,180)
(10613,171)
(6085,212)
(42997,224)
(26309,85)
(107893,110)
(79317,14)
(47957,193)
(36709,62)
(63221,231)
(53109,177)
(120709,239)
(56709,142)
(123925,177)
(92389,71)
(69365,73)
(102533,81)
(104389,58)
(85573,72)
(89221,224)
(59061,239)
(24757,195)
(78213,34)
(47669,26)
(66805,74)
(85525,14)
(84741,180)
(117797,224)
(137701,237)
(74901,230)
(43141,175)
(134805,68)
(31637,238)
(36341,70)
(37093,56)
(5141,49)
(89445,143)
(38869,94)
(56293,218)
(119301,170)
(10549,229)
(91861,212)
(8789,206)
(35173,229)
(101637,19)
(80117,157)
(121109,154)
(54213,237)
(94229,170)
(20725,169)
(107109,91)
(57029,85)
(130949,109)
(67173,62)
(31157,182)
(98725,228)
(108437,191)
(50725,235)
(98133,63)
(106565,231)
(7733,32)
(15605,15)
(1829,35)
(50741,236)
(55221,217)
(118341,191)
(32869,168)
(55269,229)
(76837,84)
(5573,226)
(60037,181)
(104149,151)
(118933,181)
(41077,61)
(52709,44)
(62213,12)
(13877,70)
(33765,70)
(36837,15)
(107685,48)
(49637,75)
(132245,230)
(125253,156)
(105861,223)
(12245,116)
(92853,120)
(8869,193)
(43813,70)
(114757,25)
(130885,187)
(72453,134)
(114645,37)
(94133,83)
(82757,179)
(54261,25)
(16229,239)
(129413,216)
(131061,133)
(70933,237)
(53237,216)
(32517,214)
(56261,12)
(98261,223)
(17189,144)
(104325,191)
(42421,238)
(16485,121)
(71349,180)
(92469,36)
(25781,56)
(73525,169)
(43557,128)
(16613,214)
(52549,159)
(26149,195)
(55493,178)
(95493,192)
(437,239)
(124117,139)
(22277,200)
(35829,83)
(71333,22)
(32629,182)
(42165,157)
(98853,228)
(37253,20)
(64533,122)
(119573,67)
(112421,193)
(108997,38)
(22197,25)
(21637,171)
(43829,80)
(43749,134)
(41893,231)
(60469,115)
(61253,238)
(83093,229)
(111413,236)
(113685,20)
(18837,239)
(23077,239)
(53669,109)
(47989,237)
(88245,61)
(120485,223)
(95701,188)
(76309,56)
(133141,95)
(48853,180)
(23797,224)
(18453,37)
(66405,166)
(127557,238)
(17013,121)
(57061,180)
(68597,182)
(22853,128)
(87941,213)
(108101,156)
(65605,236)
(129925,156)
(67781,122)
(135941,238)
(128565,157)
(98981,236)
(58821,239)
(76965,195)
(50469,144)
(48373,22)
(55013,230)
(72773,231)
(41909,25)
(94485,238)
(55173,228)
(50309,119)
(32005,180)
(35413,193)
(21973,229)
(55525,120)
(120165,216)
(50037,156)
(104965,190)
(114485,200)
(48149,229)
(56165,13)
(7797,61)
(61813,229)
(24213,26)
(46709,230)
(22165,48)
(62709,146)
(47461,193)
(4917,132)
(76133,237)
(89061,48)
(91253,168)
(54917,120)
(18117,118)
(106165,146)
(13573,237)
(103717,218)
(88933,15)
(86293,154)
(90901,132)
(84421,122)
(120357,190)
(10101,132)
(96501,237)
(55797,35)
(135733,59)
(1493,121)
(81381,74)
(64805,237)
(104869,45)
(111701,183)
(80053,56)
(90229,231)
(130581,238)
(20533,61)
(90725,104)
(80757,39)
(95797,107)
(62421,132)
(111301,228)
(66021,235)
(71205,229)
(17925,231)
(46693,225)
(124581,229)
(88869,235)
(124773,238)
(80181,229)
(7221,13)
(24981,20)
(109749,178)
(132453,151)
(4997,39)
(88581,120)
(39125,191)
(130277,238)
(100709,159)
(70085,231)
(81797,225)
(90053,178)
(70981,127)
(2357,130)
(113557,12)
(56277,237)
(72101,231)
(102101,235)
(127509,49)
(70709,82)
(97797,225)
(5477,59)
(133285,123)
(42933,85)
(71653,131)
(96469,156)
(50869,147)
(112037,107)
(7125,229)
(7317,155)
(94837,224)
(124389,235)
(70133,68)
(3781,166)
(99157,228)
(127109,72)
(122277,21)
(136997,194)
(58677,195)
(96949,230)
(15685,231)
(93749,45)
(118901,20)
(29333,143)
(56069,127)
(73413,235)
(108037,182)
(39989,48)
(117621,96)
(90821,223)
(130853,13)
(111877,141)
(32085,80)
(130485,86)
(29253,224)
(135685,139)
(83605,224)
(87957,120)
(131717,79)
(91829,92)
(75061,86)
(54901,129)
(84853,219)
(55445,238)
(122949,58)
(107493,94)
(22293,58)
(82485,152)
(108581,169)
(104293,108)
(108821,215)
(119445,38)
(123685,50)
(34325,228)
(92965,236)
(21125,157)
(55189,108)
(77189,134)
(108213,191)
(16101,110)
(124245,108)
(60501,50)
(77141,180)
(10629,228)
(28389,25)
(69557,182)
(30213,87)
(100853,85)
(87013,119)
(114949,225)
(77909,237)
(116661,191)
(112965,231)
(58693,228)
(81957,50)
(70645,224)
(78021,180)
(132821,127)
(21397,121)
(42965,238)
(11205,225)
(76581,230)
(2965,179)
(55589,218)
(11541,122)
(52853,236)
(81285,99)
(131125,195)
(116725,139)
(85045,120)
(107045,190)
(118277,61)
(118597,59)
(111125,219)
(2341,230)
(106917,177)
(57093,110)
(91141,194)
(120341,116)
(138181,51)
(131701,218)
(78405,238)
(106677,216)
(108325,72)
(36293,95)
(51989,105)
(133765,85)
(72485,195)
(99925,115)
(11349,27)
(58773,182)
(137333,107)
(56613,212)
(100405,99)
(108149,122)
(8053,128)
(13477,229)
(35141,226)
(68149,31)
(58437,193)
(105493,193)
(25877,48)
(56389,157)
(23621,203)
(57877,217)
(115893,236)
(6133,182)
(74229,238)
(23429,180)
(30261,98)
(117765,50)
(4277,212)
(51909,128)
(125445,237)
(22661,152)
(917,191)
(22517,163)
(35909,230)
(65045,181)
(74549,87)
(5045,38)
(130405,60)
(38133,236)
(36885,98)
(48661,191)
(75733,116)
(43941,72)
(74709,180)
(91541,107)
(104069,223)
(57861,194)
(107541,175)
(40517,109)
(42677,26)
(19461,27)
(89013,85)
(91205,164)
(98437,14)
(20789,85)
(121029,67)
(14933,235)
(41845,122)
(62293,128)
(137525,85)
(53749,237)
(112325,205)
(77621,32)
(138037,175)
(102677,212)
(12757,231)
(113541,98)
(123333,193)
(18405,19)
(32021,25)
(93189,167)
(125829,115)
(53045,96)
(48357,207)
(93397,72)
(100773,212)
(121013,230)
(54485,238)
(129317,194)
(18549,134)
(120325,35)
(120421,92)
(46245,147)
(123957,238)
(60261,229)
(68853,218)
(92597,195)
(48053,48)
(119589,238)
(118069,85)
(130341,48)
(55093,22)
(112741,130)
(44389,48)
(29157,236)
(31861,187)
(33157,96)
(33637,239)
(72565,235)
(85077,182)
(87253,237)
(52757,84)
(124373,74)
(43237,116)
(83045,27)
(95509,48)
(111557,48)
(116021,86)
(83925,73)
(132293,187)
(49621,37)
(55877,143)
(31061,237)
(27173,127)
(6853,165)
(116149,153)
(130133,204)
(88261,104)
(29701,214)
(119845,206)
(88613,169)
(131429,81)
(82469,194)
(137349,58)
(96629,226)
(19829,73)
(113381,195)
(75525,91)
(30869,20)
(14277,182)
(7045,153)
(97541,163)
(107189,91)
(88277,235)
(126933,38)
(4837,224)
(21669,193)
(93061,225)
(6885,181)
(3941,85)
(16805,50)
(51829,239)
(62661,36)
(117749,146)
(75717,49)
(98405,170)
(109317,223)
(11141,157)
(117205,191)
(65365,108)
(112309,194)
(115109,37)
(80149,96)
(64181,56)
(18341,104)
(72661,26)
(35381,67)
(77877,206)
(60597,62)
(138149,121)
(41765,104)
(26901,164)
(47925,131)
(79829,96)
(65157,27)
(93349,224)
(28629,131)
(40405,67)
(63237,79)
(137141,237)
(16053,212)
(8565,195)
(90005,216)
(13701,182)
(60997,169)
(46725,218)
(115509,67)
(107381,169)
(89749,71)
(106949,47)
(37509,230)
(11397,237)
(106341,226)
(52181,94)
(125205,120)
(13301,237)
(61845,121)
(96549,195)
(38405,182)
(17397,134)
(52405,62)
(82917,228)
(6229,122)
(27141,15)
(14437,12)
(129829,110)
(72821,91)
(47541,195)
(61413,13)
(114997,158)
(74949,231)
(18037,169)
(64613,237)
(60613,230)
(105733,230)
(26389,235)
(7397,104)
(117605,218)
(293,229)
(5653,73)
(36581,24)
(25669,133)
(91877,14)
(14981,14)
(6693,239)
(19957,212)
(72949,47)
(39237,34)
(106661,45)
(126437,55)
(20773,230)
(110533,127)
(48677,27)
(113413,106)
(128405,61)
(82613,93)
(27941,145)
(72997,215)
(135637,85)
(24709,212)
(115957,24)
(117717,98)
(117845,12)
(127445,120)
(50997,62)
(123109,156)
(88005,134)
(14213,133)
(1749,182)
(71045,182)
(30773,50)
(78517,71)
(128149,195)
(28485,193)
(130117,194)
(33589,31)
(137221,237)
(9413,83)
(127669,50)
(58085,236)
(33221,50)
(64245,49)
(101109,236)
(118757,91)
(18069,83)
(123413,237)
(5877,120)
(16037,164)
(16725,188)
(21461,25)
(17605,14)
(114213,217)
(120773,45)
(79221,195)
(16437,239)
(15509,179)
(44293,178)
(8325,145)
(55461,231)
(14101,85)
(82373,229)
(135893,214)
(4037,91)
(13893,225)
(74085,38)
(91349,22)
(76901,237)
(2293,103)
(96133,223)
(123877,187)
(21781,147)
(34677,56)
(13685,164)
(42085,60)
(92165,133)
(24773,229)
(105829,203)
(62037,223)
(60069,38)
(82789,68)
(57909,111)
(13365,238)
(102693,236)
(73077,157)
(6149,236)
(10277,158)
(66933,236)
(24485,229)
(92309,70)
(40709,212)
(41605,239)
(115141,237)
(67829,116)
(105477,167)
(133893,155)
(80549,190)
(131013,12)
(39141,182)
(25637,38)
(109109,218)
(48469,109)
(111925,26)
(116037,164)
(90885,36)
(121909,212)
(64133,92)
(56693,193)
(61109,239)
(54853,189)
(37349,85)
(16293,151)
(52277,63)
(53621,229)
(84085,167)
(118485,182)
(129301,239)
(65925,85)
(48997,20)
(128165,103)
(9301,44)
(28821,139)
(88597,57)
(23253,238)
(106869,231)
(92613,56)
(56965,50)
(117685,44)
(57349,60)
(105973,84)
(118293,49)
(19029,98)
(1109,230)
(59845,108)
(30389,195)
(7573,235)
(5781,193)
(109141,87)
(61365,236)
(87221,236)
(128357,146)
(25013,170)
(104357,237)
(111061,33)
(89301,106)
(54565,96)
(112997,236)
(74613,62)
(21589,217)
(31733,74)
(77685,229)
(62677,49)
(53125,109)
(86101,61)
(67637,85)
(39013,239)
(46517,177)
(129989,82)
(112357,24)
(92629,223)
(61989,37)
(61061,111)
(43973,13)
(52837,195)
(58629,168)
(81733,237)
(106101,129)
(110853,49)
(123141,163)
(37013,228)
(821,212)
(17493,22)
(59333,207)
(51141,176)
(136965,80)
(131509,13)
(115845,239)
(33621,80)
(20997,35)
(59973,130)
(108869,181)
(8517,72)
(126261,168)
(109493,21)
(40933,236)
(126037,216)
(80613,206)
(63029,228)
(51813,191)
(57189,83)
(51349,158)
(2661,86)
(64229,231)
(111237,216)
(30117,130)
(44341,14)
(64693,182)
(131333,20)
(57973,218)
(67621,228)
(4005,108)
(25237,14)
(18053,165)
(517,225)
(95077,133)
(47141,48)
(41749,133)
(20901,178)
(83365,122)
(120149,195)
(85413,228)
(43621,134)
(41317,62)
(96181,239)
(60789,238)
(103653,183)
(109125,108)
(54085,70)
(11493,134)
(36117,217)
(84821,231)
(31893,120)
(9781,191)
(85237,84)
(134485,228)
(25621,179)
(57253,146)
(12645,229)
(114085,72)
(14021,191)
(44757,80)
(95829,67)
(33461,218)
(46885,226)
(73717,237)
(72437,228)
(94053,68)
(137813,60)
(99429,58)
(52261,123)
(38821,231)
(533,228)
(33349,131)
(56341,237)
(92517,170)
(68261,237)
(45493,26)
(57573,171)
(71765,194)
(32933,182)
(100341,170)
(64725,60)
(106005,195)
(40245,229)
(103957,235)
(119717,132)
(61685,230)
(75109,24)
(64629,225)
(110069,67)
(122645,27)
(103461,116)
(110213,48)
(24901,85)
(31493,23)
(42309,187)
(106053,144)
(69573,238)
(128021,191)
(4821,237)
(72613,204)
(137733,24)
(35333,60)
(113845,187)
(90597,132)
(55605,228)
(74677,190)
(25429,39)
(117925,170)
(29717,50)
(41701,12)
(3493,25)
(127925,128)
(41221,157)
(35461,14)
(1573,67)
(122373,85)
(64709,237)
(16517,237)
(103477,169)
(93269,181)
(7349,50)
(83253,175)
(85125,235)
(79189,103)
(15989,85)
(125589,146)
(67893,122)
(12021,178)
(84005,95)
(37189,230)
(89333,225)
(31445,204)
(132389,108)
(5253,120)
(124917,190)
(12501,98)
(90805,157)
(137573,57)
(67285,120)
(112661,219)
(3445,224)
(103557,111)
(105365,180)
(54741,190)
(88773,13)
(76437,84)
(120389,231)
(107573,34)
(95557,143)
(14901,63)
(42037,146)
(57925,120)
(93829,14)
(103429,50)
(63189,32)
(93253,74)
(124965,224)
(99589,236)
(129717,154)
(85541,229)
(105941,190)
(54837,228)
(2885,236)
(20309,43)
(22405,49)
(127605,178)
(94885,97)
(132437,13)
(75461,55)
(18933,146)
(87733,132)
(26693,86)
(73637,93)
(132117,43)
(117045,25)
(38997,168)
(74149,61)
(91573,231)
(95285,55)
(17669,218)
(44837,134)
(73445,81)
(87749,238)
(102757,176)
(28005,187)
(136661,133)
(61141,48)
(105077,120)
(130213,193)
(36389,226)
(26725,182)
(98069,97)
(133669,169)
(33525,72)
(110901,73)
(83621,144)
(79957,73)
(95925,14)
(75797,179)
(130069,218)
(101749,165)
(94325,129)
(61861,217)
(94453,49)
(104997,235)
(122677,171)
(2789,194)
(120373,182)
(90037,43)
(57317,128)
(130037,225)
(50949,190)
(65093,144)
(78661,179)
(27797,179)
(70261,212)
(76277,152)
(114581,96)
(18181,109)
(3077,212)
(95765,86)
(18149,56)
(85301,177)
(118437,239)
(124677,191)
(115685,228)
(58981,93)
(46197,74)
(101397,14)
(38197,158)
(133813,181)
(37941,44)
(53573,49)
(107525,110)
(104901,62)
(115621,39)
(28869,44)
(30085,169)
(32661,27)
(90933,171)
(39285,224)
(117141,237)
(17445,183)
(80821,47)
(99461,159)
(93237,61)
(34821,237)
(123445,167)
(95141,108)
(28293,238)
(125381,215)
(40213,195)
(94101,195)
(95125,121)
(131541,145)
(76405,105)
(84725,152)
(7877,229)
(84069,181)
(12389,159)
(6773,231)
(9541,85)
(87973,193)
(101173,226)
(37989,228)
(48501,12)
(112517,120)
(68565,74)
(84325,166)
(69237,60)
(102469,225)
(59013,82)
(80453,236)
(69829,62)
(70229,238)
(85205,154)
(135477,55)
(7173,87)
(23989,61)
(17061,155)
(99397,226)
(71013,182)
(12565,120)
(134469,207)
(123557,131)
(104197,24)
(38101,170)
(94565,158)
(38453,157)
(1637,226)
(70421,143)
(19701,228)
(73269,193)
(74133,178)
(106837,214)
(2901,224)
(99669,236)
(119205,81)
(8501,98)
(71909,183)
(90517,236)
(94789,25)
(38005,207)
(89989,132)
(34005,130)
(36309,212)
(24949,193)
(75285,193)
(129173,74)
(57237,15)
(29765,153)
(6181,178)
(9637,91)
(39221,132)
(116501,59)
(100069,49)
(30437,79)
(111253,146)
(5605,228)
(64069,235)
(131621,218)
(1957,85)
(13973,179)
(89797,228)
(60533,25)
(27861,237)
(94949,194)
(137029,228)
(33077,238)
(57221,157)
(62805,19)
(132213,158)
(78053,79)
(111269,237)
(117477,146)
(24693,206)
(3893,85)
(90149,79)
(134293,23)
(54661,61)
(25061,187)
(104085,223)
(75205,48)
(92341,38)
(115013,83)
(101157,181)
(111733,121)
(121461,81)
(68117,170)
(99877,74)
(102373,144)
(10597,182)
(52309,38)
(85781,50)
(74693,68)
(36485,230)
(96757,12)
(89429,133)
(101381,218)
(89653,238)
(134453,145)
(85733,67)
(20949,182)
(85381,13)
(136949,86)
(49589,115)
(70549,109)
(20981,169)
(79141,193)
(133093,216)
(45317,226)
(34789,80)
(37877,223)
(114725,195)
(45253,35)
(91589,21)
(87317,188)
(35317,71)
(47173,176)
(76613,236)
(41429,130)
(119237,98)
(6789,190)
(89813,27)
(118357,235)
(115525,120)
(39669,195)
(112069,180)
(46229,238)
(27413,145)
(27653,230)
(88949,195)
(135237,133)
(90949,229)
(110261,163)
(40789,224)
(124597,120)
(85813,26)
(48421,218)
(96997,224)
(42453,153)
(120453,228)
(123461,204)
(120981,132)
(60341,39)
(46373,156)
(95909,223)
(116821,238)
(100549,182)
(132277,115)
(51125,45)
(119269,98)
(99349,237)
(97221,129)
(90693,26)
(20581,49)
(21381,38)
(18757,21)
(62149,155)
(113285,56)
(24469,37)
(67477,13)
(42117,85)
(70853,183)
(64757,120)
(37845,154)
(76693,36)
(4293,223)
(30309,190)
(89781,180)
(125525,236)
(18773,57)
(48197,72)
(125605,182)
(66357,96)
(50517,151)
(96981,216)
(39941,156)
(91509,216)
(38341,26)
(97637,179)
(65525,193)
(106021,181)
(105141,225)
(135909,193)
(10357,237)
(97461,188)
(119045,95)
(127989,182)
(4389,121)
(97877,236)
(46981,84)
(110997,216)
(87237,236)
(136133,205)
(60677,85)
(128885,226)
(109941,120)
(97365,175)
(22901,34)
(77429,168)
(17957,70)
(38501,110)
(32149,94)
(48341,236)
(29829,142)
(78085,12)
(100357,228)
(103237,58)
(10085,179)
(30933,224)
(17141,170)
(5861,230)
(80661,43)
(34309,20)
(44213,236)
(46805,96)
(17685,195)
(134005,13)
(106389,223)
(76053,229)
(100053,37)
(138245,132)
(95413,109)
(25845,47)
(56085,120)
(96069,108)
(135189,43)
(21813,217)
(43509,98)
(90757,144)
(64901,75)
(67717,134)
(30069,84)
(93957,216)
(24933,128)
(120869,24)
(38181,14)
(44453,37)
(72389,91)
(81701,108)
(95301,62)
(79701,193)
(6517,152)
(82069,24)
(111477,72)
(15941,50)
(83285,158)
(3173,157)
(23125,231)
(114597,231)
(86997,132)
(28965,86)
(113877,120)
(100885,99)
(79093,194)
(35669,146)
(72037,95)
(9269,84)
(124757,13)
(120229,212)
(65237,75)
(92005,195)
(72069,226)
(128677,180)
(3925,85)
(15445,35)
(44725,156)
(49733,239)
(69349,216)
(32037,157)
(58709,181)
(53381,49)
(19861,238)
(82421,83)
(2181,110)
(20629,216)
(110037,230)
(21749,231)
(11285,93)
(75381,235)
(64165,156)
(47653,49)
(25221,187)
(28837,60)
(66629,83)
(32949,181)
(100917,105)
(103573,158)
(132165,183)
(130709,20)
(80405,108)
(134693,26)
(40133,212)
(34101,127)
(45381,132)
(104485,170)
(90837,73)
(31461,237)
(86613,168)
(37429,223)
(102981,94)
(15781,134)
(82277,85)
(109733,34)
(73109,205)
(14341,236)
(124213,106)
(5413,238)
(74485,178)
(90661,74)
(54773,213)
(102437,152)
(45957,82)
(117429,73)
(117413,56)
(49765,207)
(136693,49)
(120069,224)
(131157,178)
(1669,130)
(1061,85)
(81317,182)
(45541,122)
(93941,182)
(34117,177)
(100965,223)
(20117,20)
(17973,230)
(7685,86)
(21205,237)
(9621,224)
(18213,199)
(17765,158)
(136549,134)
(63957,73)
(52885,37)
(55541,177)
(138117,236)
(8293,237)
(110773,59)
(36965,24)
(132533,110)
(120645,98)
(29637,223)
(121093,62)
(137077,140)
(17349,73)
(20405,237)
(20437,169)
(101093,237)
(18821,108)
(76085,48)
(114549,104)
(11221,74)
(128421,38)
(83653,44)
(63861,183)
(60165,177)
(109285,180)
(16421,239)
(126805,235)
(15461,235)
(113717,158)
(57621,190)
(88101,96)
(45205,189)
(28581,154)
(115365,127)
(129125,239)
(47477,60)
(149,230)
(45061,36)
(116421,182)
(6325,20)
(75557,235)
(109813,73)
(76549,187)
(21429,109)
(125509,107)
(12901,122)
(21573,194)
(16005,45)
(115877,122)
(122341,146)
(45237,32)
(129845,51)
(42053,67)
(98837,107)
(19077,235)
(100213,165)
(53317,236)
(116597,123)
(128741,24)
(49989,204)
(61205,75)
(32421,144)
(108293,182)
(44789,236)
(87893,218)
(53941,63)
(28677,168)
(42741,229)
(75541,182)
(5541,86)
(19525,133)
(107653,239)
(81493,84)
(35733,73)
(13813,123)
(87573,14)
(113605,127)
(79077,36)
(9077,61)
(109957,195)
(135541,239)
(89381,131)
(51749,146)
(29109,143)
(132037,96)
(13381,85)
(119701,120)
(75621,91)
(125429,121)
(71221,178)
(22709,81)
(131573,105)
(79445,120)
(116965,145)
(102645,70)
(56325,74)
(62597,237)
(91701,158)
(103381,21)
(30853,151)
(29941,230)
(90437,191)
(124853,110)
(30693,193)
(96277,155)
(33381,72)
(99829,218)
(136325,62)
(76389,135)
(86469,218)
(10501,212)
(112629,224)
(27285,235)
(65493,58)
(52229,50)
(125125,194)
(36501,195)
(41269,212)
(69429,225)
(8981,144)
(98085,55)
(22837,237)
(9509,182)
(100117,36)
(28037,237)
(74357,180)
(14949,74)
(91717,143)
(86965,51)
(95365,33)
(119189,139)
(24037,191)
(78149,194)
(51509,230)
(108805,37)
(50005,171)
(46853,236)
(47445,48)
(10773,230)
(15829,74)
(131925,121)
(116357,163)
(40533,195)
(94373,87)
(48805,108)
(124725,195)
(63285,177)
(136309,195)
(3829,55)
(74005,49)
(115573,235)
(64677,169)
(4485,218)
(99797,120)
(49205,24)
(131205,216)
(132101,84)
(9605,230)
(21269,122)
(11525,140)
(27701,226)
(134021,79)
(90165,236)
(71989,151)
(17317,73)
(31765,142)
(104053,95)
(325,230)
(25749,224)
(7861,120)
(51013,216)
(107077,63)
(90645,46)
(73221,181)
(135205,236)
(68005,115)
(105061,108)
(128373,182)
(28597,206)
(37301,225)
(56181,239)
(101941,48)
(123509,98)
(21029,214)
(103797,180)
(51797,56)
(949,61)
(52085,98)
(10037,236)
(107365,134)
(36853,58)
(59957,98)
(116117,50)
(105893,235)
(16277,120)
(48645,104)
(116837,34)
(88485,179)
(110821,187)
(130165,60)
(99685,236)
(9733,46)
(46757,24)
(113925,237)
(8421,19)
(27221,239)
(485,59)
(94405,81)
(19621,190)
(99861,229)
(46997,83)
(136501,228)
(115205,24)
(8805,127)
(113013,236)
(52917,239)
(132229,108)
(110581,236)
(118229,12)
(57717,182)
(67989,237)
(71829,205)
(3605,171)
(57797,228)
(87813,13)
(64821,193)
(101589,120)
(85429,110)
(17541,214)
(9013,140)
(82805,37)
(99413,225)
(129029,205)
(102661,182)
(121509,87)
(132549,104)
(15381,239)
(80277,182)
(96213,58)
(99733,39)
(101029,38)
(94213,216)
(4069,187)
(100677,130)
(22677,156)
(13173,229)
(24853,24)
(47829,191)
(33749,156)
(15269,239)
(136165,133)
(127429,225)
(115253,109)
(112789,230)
(37589,109)
(42469,195)
(109013,153)
(109397,135)
(22245,107)
(63941,93)
(108917,120)
(21,177)
(130229,122)
(95605,59)
(98165,85)
(37909,230)
(46613,85)
(39717,189)
(46069,67)
(16341,74)
(126229,191)
(66565,183)
(23029,38)
(118581,166)
(68341,122)
(127141,44)
(17573,182)
(106293,223)
(79941,134)
(134549,216)
(104565,133)
(32565,180)
(39573,141)
(47045,158)
(98341,239)
(125669,237)
(22389,223)
(37493,98)
(72325,236)
(45765,154)
(54277,224)
(27909,169)
(14757,12)
(40357,97)
(74117,15)
(133317,206)
(32469,193)
(80869,195)
(44197,193)
(2709,97)
(115413,237)
(88373,22)
(86821,38)
(88197,237)
(54789,168)
(124613,217)
(115589,134)
(119173,156)
(121941,123)
(99909,238)
(55749,178)
(51077,121)
(4773,120)
(48133,61)
(112213,46)
(137397,230)
(132357,239)
(111493,74)
(33669,182)
(21941,121)
(114277,72)
(16629,85)
(15413,128)
(43253,79)
(10965,145)
(25957,170)
(130501,128)
(3253,178)
(22309,84)
(120565,237)
(10437,118)
(97013,135)
(71541,46)
(3461,117)
(63301,144)
(30997,108)
(78245,238)
(27125,230)
(37541,22)
(67557,236)
(20165,71)
(69909,214)
(102933,145)
(27445,230)
(101765,33)
(31797,92)
(50917,182)
(102069,79)
(93029,86)
(51861,110)
(36133,228)
(95429,106)
(120405,91)
(84949,223)
(85333,218)
(7013,19)
(30149,121)
(110357,21)
(134965,164)
(501,225)
(122805,214)
(78389,94)
(56037,239)
(69269,170)
(85845,21)
(70821,144)
(37173,67)
(122757,79)
(31381,50)
(40117,163)
(6357,217)
(51877,62)
(96101,226)
(89685,26)
(49077,218)
(30677,146)
(73781,74)
(118869,223)
(17733,21)
(74101,182)
(105653,182)
(37381,111)
(64581,238)
(125109,25)
(26645,83)
(59701,133)
(114693,216)
(129445,44)
(64213,225)
(76485,55)
(5525,26)
(23493,228)
(20709,181)
(54869,230)
(114805,118)
(117957,224)
(16997,120)
(26437,13)
(5365,205)
(69749,238)
(133685,188)
(48757,238)
(93173,229)
(82885,69)
(92101,238)
(44821,22)
(52629,98)
(63797,58)
(24117,237)
(80213,134)
(6341,218)
(31237,216)
(121493,59)
(40277,104)
(78693,120)
(126661,168)
(126677,120)
(2069,85)
(128549,189)
(35013,132)
(81781,93)
(115925,60)
(72901,175)
(81429,193)
(107621,170)
(49253,230)
(136837,228)
(13237,193)
(29093,195)
(3285,238)
(66229,216)
(64965,170)
(28261,26)
(86005,165)
(60309,229)
(11925,180)
(35125,91)
(101701,15)
(34181,74)
(54805,25)
(97205,120)
(129957,159)
(56117,93)
(48789,228)
(53525,218)
(29381,62)
(38773,39)
(107637,229)
(106533,181)
(28933,48)
(38629,134)
(50069,44)
(59685,195)
(74629,193)
(134373,225)
(12821,195)
(134405,120)
(40261,80)
(133061,145)
(113653,69)
(81893,97)
(421,79)
(5669,86)
(1733,128)
(49013,48)
(111445,15)
(125365,223)
(33301,182)
(50357,26)
(82821,188)
(94341,228)
(33429,236)
(87989,166)
(75685,48)
(51781,224)
(81205,205)
(965,120)
(113301,238)
(51237,179)
(4053,216)
(35349,49)
(30133,44)
(133573,236)
(59573,169)
(3733,61)
(39317,75)
(19781,156)
(21861,141)
(50981,47)
(134133,99)
(111077,46)
(10421,81)
(61381,74)
(136773,230)
(15045,238)
(60117,188)
(62565,111)
(48949,236)
(78437,31)
(122853,85)
(60693,237)
(106261,44)
(108949,86)
(105349,15)
(115941,229)
(117941,128)
(119733,140)
(18501,168)
(39077,191)
(65125,226)
(7509,158)
(104677,122)
(87637,228)
(116453,95)
(76021,139)
(49429,223)
(41989,239)
(26229,80)
(25045,191)
(27605,85)
(99845,85)
(125813,81)
(20325,146)
(45045,195)
(62053,239)
(96357,217)
(105925,151)
(4469,191)
(138101,44)
(22373,159)
(66309,213)
(100421,170)
(23909,216)
(112933,187)
(23653,134)
(75413,26)
(132053,203)
(64565,123)
(118533,119)
(49509,239)
(91109,226)
(42565,216)
(677,236)
(41301,170)
(113797,225)
(73701,158)
(34133,47)
(3477,127)
(57701,87)
(106517,144)
(66165,229)
(96037,86)
(19061,159)
(109333,188)
(112197,48)
(119669,85)
(76181,85)
(20613,158)
(14917,134)
(40469,109)
(121541,57)
(67653,229)
(96117,70)
(26501,39)
(5717,224)
(80261,147)
(14453,182)
(21189,47)
(30037,74)
(112821,74)
(37045,181)
(116389,35)
(86133,115)
(2485,36)
(5125,14)
(97605,218)
(69509,181)
(120885,237)
(37685,82)
(81301,187)
(114293,39)
(13397,46)
(135285,86)
(78597,50)
(9653,192)
(33141,193)
(106981,55)
(87621,130)
(21925,121)
(21013,182)
(52437,82)
(113221,182)
(73893,86)
(101525,134)
(76997,97)
(50837,181)
(116693,225)
(111749,230)
(86789,239)
(1909,195)
(4437,179)
(52581,106)
(19989,32)
(44085,86)
(126837,177)
(6421,82)
(136533,105)
(76805,214)
(32581,228)
(32981,183)
(33173,115)
(104597,93)
(123157,62)
(85173,238)
(104213,225)
(75765,181)
(27461,62)
(100389,81)
(14565,191)
(115557,155)
(63765,96)
(88645,195)
(130389,61)
(102789,223)
(18517,121)
(98565,75)
(58997,50)
(79013,118)
(8693,191)
(102917,79)
(120725,106)
(21173,237)
(25365,238)
(115349,85)
(63429,130)
(76421,182)
(63925,93)
(110965,59)
(21605,93)
(129525,154)
(36517,143)
(47509,225)
(49957,190)
(116581,183)
(85829,97)
(80373,171)
(65621,128)
(67733,218)
(76501,103)
(99269,33)
(58357,85)
(70149,236)
(49557,229)
(47749,175)
(119541,80)
(15877,218)
(13253,183)
(5157,45)
(56197,119)
(15845,212)
(10885,60)
(98149,127)
(112757,118)
(138293,58)
(126469,229)
(88917,104)
(37109,73)
(29685,130)
(136101,61)
(92197,27)
(94805,141)
(55909,129)
(1461,19)
(95637,223)
(24437,131)
(50197,205)
(9749,182)
(6629,231)
(82293,239)
(93221,182)
(37637,182)
(118421,132)
(98917,56)
(106357,182)
(25333,140)
(95349,103)
(30821,192)
(41685,72)
(79877,154)
(47189,72)
(130661,228)
(26197,237)
(24373,237)
(110453,127)
(120933,182)
(53893,236)
(33253,225)
(70053,216)
(87685,13)
(93381,44)
(51093,14)
(93845,238)
(88437,195)
(25413,141)
(37221,24)
(114133,73)
(13013,49)
(28213,216)
(23365,226)
(53333,87)
(5,231)
(35653,152)
(53445,193)
(101605,228)
(105381,15)
(76373,22)
(23205,120)
(47413,144)
(123365,127)
(118565,212)
(123493,195)
(10133,133)
(35365,141)
(68069,21)
(43573,70)
(73765,94)
(20053,98)
(114869,73)
(48325,15)
(19653,236)
(20677,169)
(7781,93)
(51157,93)
(2373,122)
(15173,239)
(110549,187)
(29989,131)
(97061,182)
(2501,72)
(102517,70)
(87349,33)
(94005,236)
(4133,229)
(117909,194)
(83029,236)
(72597,119)
(98709,121)
(18917,194)
(124549,218)
(110981,238)
(60053,230)
(71877,24)
(80773,194)
(29365,79)
(10213,239)
(129541,237)
(43957,238)
(74053,99)
(12117,50)
(108405,194)
(101013,175)
(104021,133)
(11941,95)
(30453,96)
(68581,120)
(77973,230)
(104533,229)
(104101,61)
(131301,122)
(108453,110)
(97317,187)
(106421,223)
(27621,27)
(44117,69)
(15653,55)
(80421,25)
(17205,67)
(72549,83)
(8021,189)
(30053,47)
(33829,180)
(29205,108)
(64357,188)
(57157,127)
(43365,144)
(104245,121)
(28229,187)
(93653,31)
(105317,15)
(124101,237)
(118821,110)
(2677,94)
(76757,127)
(68805,169)
(16581,21)
(41461,237)
(105013,109)
(70293,74)
(84917,145)
(11509,131)
(4869,98)
(51477,39)
(14357,163)
(89141,182)
(12293,85)
(101365,85)
(125573,170)
(2261,92)
(61077,122)
(112149,229)
(9173,212)
(6453,109)
(87301,182)
(82149,239)
(41861,238)
(45093,228)
(77749,109)
(128789,95)
(25989,104)
(48229,235)
(99237,121)
(4565,85)
(99557,33)
(14085,73)
(111765,218)
(5637,139)
(22229,218)
(20101,111)
(83397,120)
(4405,24)
(118805,239)
(84181,181)
(102053,230)
(18997,55)
(3701,223)
(103349,166)
(47525,212)
(60581,228)
(6997,216)
(6725,167)
(111957,181)
(24357,92)
(87397,80)
(7957,36)
(31829,104)
(13861,127)
(26965,229)
(125893,156)
(124021,180)
(117669,193)
(50261,193)
(63845,61)
(83701,182)
(79797,195)
(91973,14)
(6469,109)
(45941,132)
(134757,49)
(20341,195)
(78549,86)
(69845,178)
(96565,133)
(581,36)
(44181,47)
(92917,191)
(83221,128)
(10677,59)
(101237,190)
(87173,84)
(95093,74)
(87909,206)
(105461,13)
(90133,122)
(104005,108)
(42805,110)
(8613,236)
(6549,190)
(97749,230)
(89765,169)
(118053,194)
(40901,143)
(29429,229)
(70501,145)
(96453,14)
(88021,121)
(101477,61)
(22965,110)
(74389,229)
(117189,231)
(111093,22)
(113733,94)
(37797,170)
(88213,44)
(78357,111)
(131861,228)
(128501,19)
(23973,133)
(134997,195)
(21541,238)
(21557,144)
(90565,70)
(35941,121)
(129077,194)
(85925,91)
(96661,183)
(3861,48)
(18021,48)
(69317,73)
(108645,169)
(84021,224)
(1237,239)
(95941,133)
(31317,236)
(36565,224)
(110325,236)
(67461,44)
(110389,239)
(52069,32)
(118085,179)
(33733,109)
(124933,46)
(3669,129)
(15637,134)
(37157,19)
(73653,73)
(126005,45)
(56645,24)
(70213,182)
(87045,237)
(41973,238)
(67573,38)
(25509,146)
(35061,34)
(76293,37)
(36693,132)
(86741,58)
(134677,229)
(64277,86)
(118661,183)
(41829,181)
(67445,189)
(61653,145)
(6805,217)
(119125,217)
(81813,14)
(133077,67)
(61285,237)
(21717,121)
(7557,35)
(33445,142)
(58533,239)
(71973,226)
(64389,238)
(124837,70)
(110277,105)
(8965,193)
(94693,93)
(26085,37)
(100437,224)
(133909,236)
(35621,117)
(130309,106)
(137653,33)
(77717,36)
(13925,122)
(61173,130)
(11909,85)
(84101,86)
(57301,127)
(127397,224)
(61269,121)
(9973,223)
(117525,163)
(89461,177)
(25173,229)
(120613,74)
(126245,189)
(34757,168)
(12773,143)
(20757,49)
(85861,238)
(41477,230)
(33685,239)
(13221,179)
(91333,223)
(45621,228)
(50485,120)
(59877,193)
(98357,237)
(52789,110)
(10005,224)
(108277,87)
(20917,226)
(5589,223)
(17509,95)
(110469,128)
(40181,97)
(123973,109)
(50181,25)
(52245,84)
(7205,98)
(122085,169)
(5829,34)
(59509,179)
(69045,182)
(50693,228)
(48901,45)
(74469,87)
(36453,224)
(84805,195)
(117285,85)
(123317,46)
(49189,46)
(76933,177)
(110437,170)
(39541,122)
(84469,238)
(5189,143)
(97525,223)
(27205,230)
(56629,214)
(77221,212)
(39605,193)
(47621,180)
(42213,195)
(53909,127)
(18469,213)
(34085,213)
(39349,195)
(1525,60)
(82437,129)
(18645,106)
(19541,211)
(26021,223)
(31541,163)
(29189,98)
(114101,171)
(94069,179)
(19397,81)
(122917,72)
(51269,177)
(74373,74)
(99381,239)
(103973,19)
(32773,226)
(108421,211)
(39621,87)
(309,86)
(129285,97)
(45573,120)
(106821,155)
(19765,38)
(57765,92)
(114245,235)
(138341,223)
(21797,191)
(12549,37)
(21317,127)
(44613,23)
(10869,120)
(128693,117)
(25205,166)
(19909,190)
(28325,74)
(126949,134)
(26469,86)
(113861,166)
(74997,145)
(42709,236)
(60293,109)
(69621,188)
(30709,178)
(43333,238)
(136117,85)
(125861,163)
(31669,131)
(15333,212)
(97381,236)
(69077,170)
(44949,38)
(64005,167)
(5317,44)
(58005,239)
(87669,12)
(38165,98)
(81013,94)
(94293,229)
(101893,191)
(99285,33)
(101909,229)
(62069,69)
(120805,224)
(50533,218)
(9093,131)
(115397,178)
(105541,179)
(27077,128)
(83669,20)
(127349,44)
(35861,182)
(136421,43)
(82037,223)
(17589,239)
(37621,109)
(94917,216)
(44933,229)
(65765,120)
(41381,61)
(83237,26)
(105237,116)
(43589,218)
(102741,217)
(1765,60)
(44357,38)
(5381,236)
(66613,159)
(67349,193)
(69541,98)
(35301,49)
(63093,103)
(11765,168)
(93509,229)
(45429,228)
(80597,229)
(13989,109)
(58373,70)
(108341,72)
(109477,236)
(67301,59)
(136229,218)
(4181,20)
(60373,85)
(63125,195)
(13189,141)
(47813,132)
(117237,31)
(50021,75)
(47349,15)
(88693,193)
(129621,231)
(100933,191)
(92117,195)
(81573,86)
(7765,121)
(74261,180)
(44133,108)
(109685,157)
(42917,155)
(102501,104)
(108197,132)
(108965,224)
(106085,103)
(123893,218)
(100309,191)
(117333,139)
(37125,94)
(45477,109)
(90581,229)
(33877,108)
(128293,55)
(62117,37)
(94197,135)
(25717,12)
(46389,168)
(35429,91)
(121301,61)
(123381,62)
(133045,231)
(40421,85)
(15749,236)
(121189,48)
(76213,60)
(127221,194)
(69765,224)
(89077,230)
(68021,108)
(135653,230)
(91285,58)
(128773,194)
(127877,121)
(134085,187)
(1429,225)
(44677,226)
(110229,194)
(23301,84)
(117877,211)
(120517,156)
(137829,179)
(86485,72)
(125141,35)
(20069,179)
(76325,121)
(61461,143)
(725,237)
(19381,62)
(52373,230)
(55285,45)
(33797,156)
(135269,195)
(86645,169)
(61941,85)
(103189,36)
(59861,74)
(21445,215)
(93141,74)
(136981,236)
(14485,181)
(32645,14)
(54373,238)
(135445,230)
(60101,37)
(126389,229)
(21621,135)
(57397,169)
(76981,231)
(71109,120)
(1845,239)
(3349,230)
(49829,12)
(84645,36)
(102453,182)
(133653,171)
(24309,231)
(53477,85)
(12741,223)
(24389,26)
(30805,116)
(65861,91)
(60389,95)
(116181,26)
(4261,55)
(85,20)
(405,153)
(110613,179)
(37461,225)
(99077,129)
(121829,152)
(93477,236)
(111365,68)
(30901,217)
(121861,229)
(4373,145)
(33397,225)
(108533,130)
(80725,48)
(9925,182)
(56725,182)
(137461,98)
(122725,139)
(54709,224)
(8917,182)
(74789,183)
(26997,168)
(41173,229)
(123349,130)
(130821,239)
(103445,183)
(107749,109)
(32229,217)
(78901,228)
(133861,229)
(37605,230)
(97717,96)
(128389,195)
(106485,225)
(127189,133)
(66213,157)
(65173,39)
(122309,94)
(127637,237)
(60773,72)
(82085,43)
(74309,110)
(11637,178)
(38469,228)
(71285,235)
(54629,238)
(131365,12)
(22117,183)
(43669,128)
(1093,159)
(106117,182)
(10165,157)
(83477,228)
(19013,193)
(88997,57)
(101829,193)
(36325,107)
(97829,122)
(101685,129)
(44901,47)
(23445,205)
(4149,119)
(13045,170)
(43221,155)
(6821,231)
(49925,218)
(27493,68)
(66149,144)
(28661,213)
(8597,180)
(127173,145)
(19557,120)
(91189,154)
(102357,87)
(14677,127)
