(118733,120)
(73373,180)
(19021,14)
(111517,98)
(31037,192)
(50541,47)
(69069,98)
(62669,139)
(36717,170)
(46077,133)
(73053,195)
(123469,63)
(110637,170)
(2493,230)
(131085,62)
(54685,237)
(15149,231)
(28333,180)
(37373,228)
(21581,182)
(46781,131)
(85821,158)
(80573,128)
(126589,51)
(100797,45)
(102557,127)
(108573,22)
(54845,60)
(40125,170)
(91037,225)
(92477,237)
(124557,31)
(91197,59)
(79325,25)
(103917,109)
(2797,39)
(70013,133)
(70045,182)
(53693,111)
(99085,226)
(87709,183)
(127533,195)
(54941,212)
(8589,191)
(17933,120)
(43405,182)
(135693,105)
(133501,15)
(29373,229)
(25485,224)
(7453,85)
(91133,48)
(44157,170)
(118253,103)
(72829,238)
(91597,144)
(116493,120)
(68813,193)
(19165,111)
(54269,195)
(86349,74)
(132253,131)
(135245,239)
(135901,216)
(69885,133)
(80317,239)
(71613,39)
(114717,85)
(29341,37)
(68925,51)
(105757,118)
(127821,32)
(113373,169)
(114461,60)
(135037,109)
(85917,68)
(132173,60)
(57437,19)
(12317,98)
(17341,12)
(136173,228)
(125229,224)
(67197,223)
(7581,226)
(14525,44)
(2909,81)
(103549,182)
(129917,120)
(46045,152)
(128653,212)
(137533,70)
(44317,120)
(49709,193)
(81069,193)
(121069,238)
(111565,237)
(107261,38)
(43453,97)
(105789,223)
(113149,182)
(69053,216)
(89901,218)
(104029,43)
(125597,15)
(42109,129)
(22253,45)
(77213,179)
(19085,239)
(91421,183)
(76669,191)
(94637,194)
(30957,36)
(31021,191)
(124589,223)
(115853,103)
(136477,237)
(12045,135)
(112477,127)
(90861,22)
(72413,190)
(101213,212)
(126941,97)
(68845,237)
(96701,195)
(105261,129)
(79533,159)
(63661,237)
(6749,212)
(60045,170)
(55853,238)
(117021,231)
(81453,62)
(72813,73)
(44733,190)
(84893,127)
(71581,59)
(74989,181)
(23821,13)
(113709,156)
(123149,237)
(4749,146)
(105501,171)
(21133,231)
(136029,154)
(97949,97)
(73261,50)
(109453,14)
(20877,147)
(5533,63)
(133613,27)
(43181,43)
(118893,155)
(39053,109)
(20093,238)
(125693,74)
(64845,195)
(4173,24)
(85741,180)
(29901,225)
(57725,51)
(73853,168)
(17613,169)
(2653,239)
(19037,12)
(72909,36)
(39693,71)
(27645,236)
(128413,223)
(135629,169)
(105341,157)
(31837,12)
(103501,203)
(93117,237)
(83805,180)
(113965,194)
(39021,187)
(117037,217)
(49421,216)
(138269,171)
(24573,129)
(4477,115)
(46269,99)
(71405,219)
(49949,116)
(79085,228)
(68637,123)
(103053,109)
(42141,195)
(13981,194)
(64461,21)
(7677,237)
(7645,152)
(45229,72)
(96365,85)
(122189,226)
(116861,20)
(107405,133)
(5341,74)
(28589,225)
(60717,111)
(130157,180)
(98877,104)
(59469,236)
(21549,219)
(10733,193)
(89837,223)
(112829,168)
(33661,36)
(88717,223)
(136909,24)
(66861,239)
(86237,182)
(107517,230)
(7229,237)
(36541,13)
(12109,193)
(21085,230)
(4637,145)
(23293,169)
(72493,238)
(1981,180)
(72733,175)
(20733,229)
(110413,48)
(32509,143)
(114781,228)
(38861,238)
(35005,207)
(14685,180)
(20061,120)
(117773,57)
(85949,98)
(121517,192)
(66381,238)
(81901,132)
(95965,230)
(31997,55)
(37965,134)
(93965,91)
(42237,176)
(55373,239)
(36733,37)
(35421,56)
(98781,15)
(1117,230)
(90573,180)
(111581,228)
(54989,26)
(22141,48)
(118013,110)
(56589,92)
(92893,183)
(101741,24)
(1933,195)
(29709,142)
(32493,67)
(50045,56)
(59965,155)
(62397,231)
(98589,191)
(32237,81)
(102333,236)
(126397,237)
(22301,96)
(120237,57)
(35101,130)
(79469,237)
(64205,235)
(59421,217)
(99453,230)
(6909,239)
(25293,98)
(58573,238)
(74333,187)
(39517,158)
(52653,188)
(6893,195)
(2893,154)
(65677,230)
(24365,238)
(3357,195)
(44189,24)
(50093,225)
(97165,168)
(99789,14)
(40973,145)
(101005,230)
(54653,36)
(13869,129)
(127917,229)
(81309,145)
(123981,74)
(12445,121)
(11341,218)
(94669,153)
(105197,229)
(99053,81)
(51997,116)
(73629,239)
(77901,169)
(126813,194)
(129277,115)
(102589,92)
(34733,238)
(45901,85)
(51341,237)
(6861,140)
(79789,24)
(9613,194)
(27821,111)
(55293,123)
(109245,86)
(94621,230)
(132125,103)
(50573,182)
(85837,230)
(38093,153)
(24589,145)
(116925,182)
(61101,231)
(57149,75)
(83389,175)
(49181,36)
(28733,171)
(119821,86)
(43469,181)
(108413,217)
(132941,86)
(65789,189)
(69341,38)
(104221,230)
(65229,120)
(101917,98)
(39789,51)
(100173,228)
(23357,72)
(84557,237)
(30701,183)
(3885,181)
(110797,170)
(128269,195)
(135373,228)
(78317,165)
(22701,67)
(12909,109)
(122221,43)
(6781,135)
(16829,177)
(9053,132)
(26525,14)
(89885,228)
(34365,195)
(117165,71)
(111773,50)
(49309,111)
(34349,36)
(89053,182)
(120189,106)
(72845,81)
(32093,27)
(62205,152)
(89213,61)
(33037,55)
(82077,97)
(100141,237)
(107197,97)
(120877,34)
(104109,231)
(137933,223)
(100925,57)
(107117,62)
(108845,226)
(33709,49)
(71469,109)
(26589,169)
(92301,120)
(109165,237)
(50781,111)
(86365,25)
(22621,109)
(51933,230)
(21357,152)
(80861,235)
(58909,93)
(77485,194)
(116845,49)
(61581,225)
(22813,164)
(19693,169)
(43965,120)
(32013,24)
(22461,68)
(120685,223)
(96957,237)
(88589,109)
(23981,48)
(12221,226)
(137741,230)
(85645,193)
(101389,133)
(111421,129)
(92189,182)
(59549,72)
(66157,44)
(17757,13)
(85085,110)
(77341,82)
(79421,158)
(89021,142)
(14701,60)
(52701,190)
(25437,224)
(47837,127)
(46445,129)
(85565,236)
(99837,12)
(137261,195)
(88285,38)
(48685,22)
(42509,119)
(75757,147)
(52285,92)
(95613,163)
(109709,157)
(72157,237)
(108157,60)
(83373,63)
(63533,194)
(13757,15)
(31949,187)
(75629,132)
(74029,239)
(56717,225)
(24429,231)
(14429,73)
(95517,98)
(106621,85)
(29837,128)
(63165,62)
(74669,236)
(50845,121)
(10989,133)
(47981,228)
(64797,230)
(102653,105)
(132477,238)
(116829,229)
(66221,236)
(43645,58)
(97933,238)
(32205,181)
(54253,176)
(11421,223)
(32637,32)
(349,144)
(96413,25)
(106653,86)
(108477,60)
(6429,15)
(8573,106)
(5693,74)
(127949,180)
(73357,193)
(27373,235)
(97773,228)
(9229,91)
(45,109)
(121405,120)
(59581,118)
(75549,180)
(42669,216)
(57165,229)
(83725,105)
(9741,46)
(53101,121)
(40173,193)
(101245,228)
(61197,37)
(95069,85)
(134717,236)
(26669,14)
(132797,63)
(73325,191)
(58781,235)
(76621,140)
(36861,238)
(99965,111)
(136925,182)
(98941,236)
(2509,131)
(28413,229)
(38141,134)
(7149,190)
(105965,144)
(35629,239)
(113981,81)
(63613,94)
(106669,167)
(116989,132)
(119933,176)
(133325,46)
(130125,38)
(23341,236)
(71165,24)
(124253,237)
(136813,229)
(6877,167)
(99293,191)
(19261,194)
(26461,62)
(75357,98)
(102525,177)
(109677,25)
(78045,80)
(76973,96)
(3405,194)
(65325,182)
(131229,231)
(115277,236)
(83597,96)
(85453,182)
(24077,192)
(12029,108)
(101693,223)
(41325,191)
(126653,230)
(44861,31)
(7053,237)
(134477,38)
(79453,44)
(87549,26)
(101549,97)
(114141,79)
(126637,153)
(3837,133)
(63277,194)
(122061,187)
(3325,218)
(137613,187)
(55565,106)
(53565,182)
(46973,192)
(53117,14)
(130829,25)
(102317,224)
(56605,190)
(87725,147)
(54365,226)
(82381,224)
(128957,110)
(4077,191)
(83405,217)
(40221,24)
(23789,190)
(118749,84)
(46141,145)
(89245,62)
(105869,168)
(9133,239)
(33101,237)
(44797,213)
(75565,180)
(23997,48)
(33581,121)
(137037,135)
(77,46)
(39469,178)
(63757,98)
(51309,82)
(21805,105)
(85389,158)
(128221,132)
(134589,230)
(4509,239)
(17053,229)
(39405,86)
(3693,14)
(111133,32)
(6397,85)
(65165,158)
(19805,84)
(121821,146)
(71117,195)
(97357,98)
(122525,195)
(41661,142)
(130813,229)
(24221,229)
(130701,156)
(24413,191)
(82621,236)
(86957,237)
(129133,239)
(136237,182)
(40349,229)
(15821,239)
(98557,36)
(14957,229)
(111037,97)
(8493,192)
(73485,218)
(130013,72)
(77277,237)
(119229,195)
(26845,177)
(19725,84)
(103453,94)
(108173,80)
(67325,104)
(113837,223)
(95405,179)
(37277,170)
(61901,141)
(35789,226)
(82877,236)
(34221,237)
(37309,229)
(119645,195)
(66349,143)
(16845,95)
(22573,106)
(28829,195)
(41981,85)
(72205,48)
(125741,141)
(120509,239)
(138221,157)
(76845,182)
(38893,85)
(102381,224)
(62093,45)
(112701,230)
(58477,49)
(48893,228)
(77085,145)
(131821,61)
(31789,69)
(71917,34)
(25149,140)
(49389,134)
(35917,97)
(23245,92)
(39389,226)
(4429,55)
(62109,216)
(29437,218)
(91373,182)
(61789,47)
(138349,187)
(91949,226)
(75213,230)
(12765,238)
(25277,12)
(126109,37)
(55997,122)
(128605,145)
(28685,239)
(64877,239)
(106269,82)
(131597,12)
(132189,181)
(46589,24)
(60653,25)
(100301,158)
(127613,121)
(23757,36)
(41677,97)
(49261,238)
(59997,239)
(129501,180)
(78269,46)
(35485,170)
(103805,230)
(130461,117)
(101149,231)
(87453,226)
(50285,139)
(7661,20)
(21261,218)
(55933,22)
(49741,22)
(127325,48)
(43677,236)
(98253,217)
(115645,178)
(67469,191)
(107485,60)
(104445,14)
(126973,69)
(129741,57)
(135917,229)
(84669,188)
(3021,204)
(54349,50)
(57469,223)
(128061,108)
(5501,36)
(24701,44)
(15341,235)
(73453,238)
(43917,230)
(96301,74)
(124925,61)
(129757,237)
(95213,81)
(61117,151)
(134829,22)
(24237,231)
(94237,156)
(29885,91)
(120765,25)
(134157,182)
(135149,99)
(121293,178)
(11853,191)
(6125,13)
(113933,237)
(114189,146)
(74829,224)
(73277,183)
(86701,13)
(121277,239)
(36765,21)
(2637,195)
(76429,21)
(33901,181)
(58989,144)
(27245,177)
(130717,236)
(20941,193)
(133853,24)
(79645,98)
(118189,84)
(16269,219)
(25693,190)
(77149,111)
(63853,187)
(137117,230)
(97533,14)
(40861,215)
(113869,127)
(124941,85)
(32445,168)
(64813,188)
(33805,228)
(22493,73)
(121645,134)
(3261,168)
(13133,181)
(58941,87)
(25341,122)
(24157,57)
(39981,182)
(26413,87)
(50333,230)
(19405,180)
(56557,72)
(52381,60)
(134141,238)
(90109,61)
(107581,235)
(114477,123)
(3645,201)
(67981,238)
(24189,44)
(111597,180)
(38269,177)
(58637,85)
(98749,60)
(27405,190)
(79229,73)
(133549,84)
(116781,12)
(13517,129)
(100509,182)
(65405,95)
(97229,191)
(56029,51)
(87533,168)
(75853,70)
(41933,237)
(22477,182)
(84205,226)
(21965,180)
(57981,217)
(90189,178)
(16285,171)
(11533,107)
(47261,169)
(135949,13)
(89133,238)
(4701,182)
(30381,37)
(105853,31)
(22285,239)
(138141,15)
(22365,165)
(83997,218)
(72765,230)
(78797,231)
(123325,218)
(85709,147)
(31501,236)
(18189,238)
(138125,120)
(41149,190)
(69485,134)
(42413,239)
(10413,182)
(63309,238)
(4621,111)
(43085,191)
(117229,217)
(14477,62)
(117181,151)
(131421,223)
(14573,74)
(11741,239)
(89629,225)
(101293,94)
(103469,170)
(40077,14)
(108285,32)
(131341,235)
(33917,224)
(131789,216)
(137725,48)
(12061,236)
(49645,26)
(107613,229)
(102157,144)
(125069,85)
(62685,115)
(72285,84)
(88045,86)
(41757,217)
(34621,110)
(134061,169)
(34205,55)
(2989,217)
(3277,107)
(70973,104)
(75389,190)
(63693,230)
(95373,110)
(82093,48)
(71949,231)
(10029,48)
(38909,152)
(66797,24)
(33149,180)
(25101,72)
(111453,224)
(110813,142)
(42749,229)
(127005,108)
(66781,218)
(20397,84)
(5917,84)
(114877,207)
(29469,191)
(127341,110)
(27901,239)
(110701,236)
(120141,204)
(128125,194)
(102909,43)
(46957,217)
(95853,236)
(114205,180)
(7085,239)
(42829,120)
(115965,38)
(102141,195)
(136045,168)
(93901,236)
(128765,169)
(102733,74)
(80301,236)
(12493,229)
(23485,120)
(106301,230)
(91933,229)
(107373,144)
(128189,218)
(90541,168)
(75421,39)
(106941,171)
(71565,230)
(92397,48)
(132317,195)
(70749,109)
(35533,96)
(5309,24)
(50429,98)
(131869,215)
(6957,120)
(27549,36)
(11661,231)
(85485,36)
(87853,142)
(11389,182)
(2925,119)
(40029,145)
(86973,63)
(128509,239)
(60573,120)
(41869,31)
(132029,228)
(44477,79)
(28237,216)
(136973,230)
(19245,119)
(46669,146)
(61997,187)
(11229,191)
(87021,236)
(51357,143)
(130957,239)
(63485,26)
(56573,167)
(91901,212)
(37597,87)
(48093,237)
(138445,226)
(20477,19)
(87037,238)
(130925,97)
(110509,115)
(21789,230)
(65917,215)
(12285,134)
(31613,14)
(117405,107)
(128813,183)
(115837,25)
(117965,57)
(66173,22)
(20685,84)
(94541,87)
(36477,129)
(54877,193)
(96509,133)
(45197,230)
(35389,169)
(20957,182)
(23629,122)
(41597,146)
(46909,120)
(72045,106)
(94989,48)
(67997,24)
(14093,131)
(20077,205)
(11197,237)
(81357,191)
(67773,180)
(82605,32)
(30989,238)
(131741,146)
(91581,195)
(126541,218)
(67885,193)
(111965,15)
(7469,108)
(65053,24)
(85853,178)
(49565,230)
(49581,177)
(30813,80)
(84829,84)
(35069,95)
(53453,164)
(6525,170)
(32061,22)
(103005,19)
(121357,108)
(41837,228)
(115309,23)
(110525,129)
(13581,229)
(34845,49)
(123677,151)
(877,194)
(63901,238)
(68749,235)
(6189,195)
(89181,230)
(77917,80)
(110989,182)
(86621,217)
(75469,120)
(31213,15)
(50173,70)
(116765,216)
(42189,111)
(39245,211)
(63933,46)
(33133,195)
(119789,217)
(45469,134)
(81149,193)
(93133,159)
(63709,20)
(52253,37)
(70477,128)
(2237,235)
(4013,195)
(15021,237)
(118493,86)
(131293,109)
(15693,157)
(17085,58)
(109741,215)
(46317,86)
(19629,238)
(52413,31)
(112653,231)
(120285,121)
(14269,195)
(5245,191)
(68077,201)
(79293,129)
(133021,231)
(66269,49)
(44557,131)
(133629,49)
(37469,86)
(113053,226)
(31053,49)
(86029,81)
(48797,134)
(73597,193)
(5389,27)
(12749,85)
(93949,237)
(66925,223)
(16973,229)
(2253,216)
(92141,121)
(9917,74)
(45181,152)
(40205,99)
(54589,134)
(118813,86)
(40397,15)
(103933,60)
(29261,83)
(19005,179)
(75581,93)
(97613,63)
(101661,37)
(46749,207)
(69389,85)
(102189,103)
(105901,154)
(105997,229)
(122941,224)
(15133,98)
(21405,238)
(122253,191)
(69901,236)
(12925,133)
(129405,236)
(80957,224)
(2573,144)
(129949,189)
(117357,229)
(63037,238)
(88413,32)
(97629,111)
(127789,235)
(116813,187)
(77245,168)
(124765,228)
(42445,238)
(18797,239)
(43389,193)
(118029,22)
(95389,12)
(119773,121)
(100573,58)
(54109,191)
(115677,182)
(38013,223)
(102253,170)
(136637,229)
(57789,49)
(18541,237)
(74509,121)
(58557,118)
(46205,239)
(72669,122)
(132269,95)
(17661,85)
(132493,238)
(53741,44)
(70157,86)
(108781,231)
(66637,71)
(97117,85)
(115245,193)
(137437,195)
(17629,44)
(104045,151)
(113949,237)
(73069,145)
(18781,37)
(120797,194)
(41117,130)
(4221,170)
(49869,190)
(60061,228)
(4445,153)
(51709,236)
(96781,235)
(8429,156)
(116525,140)
(128333,236)
(52941,55)
(91021,35)
(2605,103)
(33309,225)
(131677,63)
(72861,110)
(114925,120)
(45133,157)
(27421,14)
(81869,176)
(121773,228)
(77677,145)
(93917,14)
(41533,207)
(93661,146)
(47565,170)
(93693,177)
(96925,181)
(99933,236)
(4269,158)
(20381,49)
(92733,135)
(30605,31)
(55501,68)
(38237,74)
(86221,69)
(95677,131)
(105949,228)
(138109,73)
(70397,182)
(95053,98)
(75821,212)
(120317,60)
(50749,34)
(1229,111)
(77773,72)
(69997,194)
(92653,239)
(62797,27)
(122893,236)
(32109,75)
(80445,195)
(71901,118)
(110061,22)
(87101,96)
(32845,98)
(105101,91)
(80829,128)
(102493,169)
(76285,37)
(103293,132)
(107053,226)
(121101,33)
(33677,238)
(53773,95)
(50877,127)
(32269,37)
(70797,170)
(67693,95)
(92621,22)
(37085,178)
(47213,177)
(130077,238)
(11469,74)
(131181,165)
(66941,14)
(45837,236)
(94429,191)
(59261,31)
(129565,122)
(95453,191)
(22269,129)
(38605,55)
(138317,144)
(8061,182)
(14461,219)
(44029,183)
(44413,108)
(125037,68)
(5437,122)
(136365,85)
(7725,120)
(9181,91)
(78221,224)
(103277,180)
(11645,170)
(22909,218)
(73181,238)
(90237,178)
(134797,228)
(47485,238)
(38781,145)
(48221,111)
(96477,81)
(17069,80)
(59661,99)
(5949,177)
(79837,239)
(102637,231)
(115805,237)
(8221,43)
(78701,50)
(132685,229)
(135117,239)
(119549,205)
(103997,24)
(25053,226)
(132845,216)
(119805,237)
(84413,228)
(117709,239)
(108621,180)
(60813,228)
(65997,12)
(12237,109)
(83485,23)
(64941,182)
(78013,121)
(8653,133)
(52301,110)
(1245,170)
(71357,23)
(124573,229)
(117373,166)
(97101,49)
(73965,217)
(58381,85)
(32797,139)
(113805,226)
(31245,44)
(35053,187)
(51213,176)
(87981,180)
(114269,182)
(84685,168)
(16605,60)
(18765,21)
(96253,238)
(76269,228)
(47965,133)
(97021,130)
(116445,147)
(48717,237)
(557,96)
(125133,81)
(34957,188)
(115597,158)
(86253,230)
(87053,229)
(84445,120)
(91437,129)
(102861,176)
(14061,32)
(45357,83)
(136557,239)
(39917,239)
(31645,180)
(68045,36)
(92317,79)
(108973,159)
(48205,170)
(29389,47)
(135565,194)
(107837,121)
(41245,231)
(107869,49)
(52541,229)
(124093,22)
(30029,217)
(37053,34)
(109789,122)
(135741,177)
(67581,218)
(57821,204)
(46829,120)
(74797,230)
(32893,164)
(94717,182)
(49101,179)
(33629,175)
(99117,86)
(102749,110)
(129533,191)
(27229,120)
(56653,224)
(116141,85)
(124749,26)
(6589,192)
(22557,195)
(34941,182)
(73421,139)
(99773,130)
(120461,84)
(9325,135)
(79149,103)
(107853,182)
(116077,38)
(51661,48)
(10173,238)
(131757,170)
(81549,50)
(1581,212)
(121149,98)
(43005,121)
(87437,218)
(55485,194)
(84237,228)
(5677,72)
(15741,146)
(121229,181)
(23581,229)
(8557,212)
(18621,191)
(96349,142)
(35885,24)
(12189,38)
(34541,120)
(105229,134)
(110285,218)
(73661,145)
(97965,181)
(120445,146)
(122669,127)
(123485,96)
(89933,229)
(103229,225)
(15229,95)
(99949,236)
(21901,32)
(85293,62)
(63997,225)
(66973,218)
(66365,156)
(12957,157)
(92173,224)
(110749,119)
(96637,129)
(54445,72)
(11005,131)
(101981,158)
(87869,195)
(99181,19)
(7981,15)
(114573,155)
(56493,115)
(98813,98)
(68445,239)
(65629,194)
(124525,169)
(77805,216)
(79917,59)
(30221,194)
(119181,120)
(9597,187)
(16205,35)
(31421,191)
(110589,218)
(42285,228)
(63197,122)
(59037,177)
(59693,37)
(56733,95)
(58157,236)
(40413,217)
(39837,230)
(55677,43)
(8733,219)
(112173,225)
(6093,191)
(18349,132)
(17741,194)
(8509,156)
(34429,231)
(131613,25)
(29581,218)
(33005,229)
(16717,104)
(30237,194)
(21597,127)
(70381,218)
(13837,62)
(49821,170)
(124029,237)
(115229,21)
(73613,145)
(95229,49)
(13949,71)
(101133,36)
(80749,157)
(64077,91)
(126557,151)
(126797,47)
(87005,36)
(130109,236)
(40765,97)
(91693,195)
(75981,194)
(76733,85)
(20461,230)
(32557,97)
(9261,127)
(20541,139)
(3309,228)
(61165,239)
(27261,158)
(51261,166)
(108397,236)
(83917,182)
(43933,195)
(64397,70)
(27917,218)
(95101,193)
(87837,237)
(13181,238)
(127197,74)
(68189,193)
(48109,237)
(63405,214)
(89789,62)
(58893,12)
(125277,13)
(65149,120)
(63725,123)
(55517,224)
(84253,229)
(9725,237)
(7597,181)
(79309,236)
(90733,237)
(91261,158)
(38557,56)
(102173,12)
(52797,38)
(107965,188)
(2445,231)
(10141,133)
(36461,128)
(24957,229)
(53853,38)
(124125,120)
(54765,63)
(97789,194)
(39069,217)
(80701,144)
(24445,229)
(20333,193)
(52317,128)
(1341,19)
(10253,59)
(119325,193)
(36813,191)
(96445,141)
(126925,50)
(57197,127)
(63597,14)
(112013,187)
(90301,86)
(11677,93)
(120541,181)
(100253,228)
(2477,229)
(9965,87)
(61405,96)
(115021,60)
(84877,223)
(7885,236)
(125533,194)
(40445,156)
(111693,51)
(69117,207)
(90765,238)
(113661,48)
(83469,133)
(102957,239)
(98397,58)
(37885,237)
(38845,38)
(27933,237)
(130269,12)
(122797,81)
(122397,146)
(107501,231)
(32173,226)
(65565,212)
(131917,146)
(50861,235)
(33341,33)
(55421,239)
(44237,121)
(61821,191)
(39645,157)
(106861,179)
(81165,236)
(66429,156)
(69677,191)
(58077,92)
(12669,224)
(15549,118)
(52717,81)
(33613,230)
(71245,13)
(55261,175)
(7293,135)
(129421,168)
(88461,91)
(8317,61)
(45149,193)
(5997,225)
(7821,226)
(128349,230)
(91789,55)
(53965,26)
(13773,195)
(61,99)
(69853,230)
(19389,170)
(86205,182)
(131837,69)
(75693,19)
(43709,48)
(92365,109)
(47725,121)
(83949,85)
(12333,177)
(31805,85)
(11453,79)
(76893,228)
(77501,181)
(29869,181)
(93325,31)
(40301,74)
(9405,237)
(8157,85)
(53885,193)
(71789,97)
(43197,159)
(41805,230)
(119677,168)
(97917,236)
(87997,170)
(26637,226)
(23085,217)
(58733,49)
(26429,193)
(133773,212)
(134493,122)
(4797,228)
(95309,109)
(62733,165)
(45165,69)
(13485,230)
(18141,117)
(118989,128)
(36221,14)
(117677,236)
(32653,182)
(53501,152)
(44685,228)
(81437,183)
(114525,104)
(17645,229)
(58621,62)
(92669,216)
(90493,169)
(18397,216)
(122909,67)
(71069,218)
(136685,85)
(66765,143)
(24861,71)
(99357,94)
(94861,183)
(115133,238)
(137405,229)
(2973,32)
(117805,231)
(28189,176)
(10493,230)
(112253,19)
(93981,74)
(1261,111)
(38365,131)
(41133,129)
(95021,213)
(128925,84)
(16093,236)
(105165,156)
(58221,181)
(53133,144)
(103789,24)
(64413,168)
(122205,50)
(60541,239)
(82333,168)
(26189,195)
(46221,44)
(39725,110)
(46685,24)
(2061,181)
(37437,170)
(2685,188)
(108221,218)
(84493,217)
(11837,110)
(121997,128)
(99325,190)
(7933,229)
(135197,60)
(26205,239)
(64717,31)
(129709,45)
(82557,152)
(92285,159)
(131885,70)
(5981,181)
(49805,31)
(59373,71)
(59197,104)
(118285,26)
(32701,134)
(119885,177)
(90877,231)
(131453,231)
(99165,83)
(3741,33)
(43021,123)
(79165,133)
(65373,164)
(50301,96)
(73405,237)
(107805,85)
(35741,155)
(133053,85)
(71085,133)
(1901,239)
(65437,130)
(109917,46)
(73917,121)
(89229,228)
(12637,140)
(62045,156)
(7197,181)
(120029,182)
(107597,164)
(33965,230)
(95645,37)
(118461,36)
(95437,97)
(110173,144)
(107101,123)
(134029,12)
(87917,229)
(77229,130)
(57133,183)
(56893,230)
(46941,85)
(90909,72)
(137821,226)
(120717,190)
(115405,228)
(65869,179)
(90605,230)
(75085,225)
(52557,238)
(23053,108)
(28029,236)
(83053,116)
(46557,135)
(66397,58)
(93165,68)
(83197,218)
(126621,20)
(4493,177)
(78157,98)
(23853,238)
(58525,217)
(21981,104)
(25501,83)
(15709,154)
(70733,218)
(87693,104)
(82157,79)
(17693,237)
(83517,59)
(46349,32)
(2173,165)
(123133,228)
(20829,23)
(24205,180)
(98445,159)
(45757,230)
(109949,213)
(129261,130)
(136845,231)
(21885,121)
(27133,169)
(79933,225)
(98861,22)
(107085,230)
(15165,74)
(60989,120)
(46333,31)
(109629,226)
(80909,168)
(56861,73)
(22733,85)
(26077,155)
(97757,34)
(26157,44)
(50557,97)
(59325,215)
(32477,231)
(94477,135)
(107677,163)
(86397,59)
(12557,49)
(99309,156)
(108653,120)
(113309,61)
(116621,104)
(29917,24)
(38717,111)
(105213,182)
(86989,85)
(37389,157)
(93453,231)
(76589,36)
(333,239)
(59805,169)
(71229,127)
(77357,80)
(95469,180)
(59005,158)
(106829,169)
(845,157)
(29597,239)
(59053,206)
(61341,58)
(59949,20)
(81805,236)
(66541,217)
(129965,191)
(101357,48)
(117389,49)
(15197,156)
(137485,195)
(7437,212)
(53021,238)
(99213,96)
(69373,38)
(57485,153)
(51469,236)
(69565,61)
(135309,238)
(100461,24)
(22749,182)
(117437,38)
(65389,166)
(45597,99)
(132157,228)
(90317,48)
(104893,74)
(118109,45)
(56109,128)
(123917,72)
(36157,97)
(99533,74)
(35293,171)
(45885,223)
(81981,169)
(44109,190)
(109309,93)
(70829,120)
(65965,109)
(18509,181)
(74957,214)
(86141,223)
(301,213)
(57277,216)
(129469,237)
(69981,156)
(16909,166)
(13069,82)
(50157,73)
(39853,37)
(53757,181)
(11053,93)
(114589,239)
(128637,33)
(52813,214)
(7773,93)
(29725,13)
(69437,72)
(74749,237)
(74557,229)
(35853,61)
(37149,229)
(104749,238)
(749,237)
(24749,131)
(90365,181)
(90621,169)
(127181,69)
(13309,74)
(10397,120)
(22109,155)
(71741,121)
(17997,237)
(76925,60)
(71213,105)
(26653,238)
(9421,204)
(84349,182)
(111085,195)
(94125,226)
(44989,55)
(2013,117)
(7309,230)
(65501,36)
(73645,95)
(86717,190)
(107245,97)
(18237,170)
(51293,179)
(58701,132)
(67309,94)
(67373,81)
(81757,182)
(118589,229)
(34925,193)
(109085,21)
(101885,229)
(136461,121)
(106237,157)
(50973,121)
(88797,143)
(43597,214)
(50909,225)
(87277,159)
(99709,147)
(10429,225)
(29965,116)
(7517,180)
(40317,216)
(104685,229)
(83677,131)
(58925,23)
(96029,108)
(103405,225)
(87181,182)
(19901,46)
(113645,32)
(69293,238)
(27997,84)
(93501,35)
(29405,238)
(90717,229)
(84077,237)
(14493,200)
(16733,143)
(46285,236)
(22045,189)
(87645,193)
(61037,37)
(32861,47)
(118477,13)
(97133,214)
(115389,181)
(61549,135)
(114413,156)
(80621,93)
(47757,166)
(17949,214)
(94093,31)
(6365,68)
(102877,14)
(21437,194)
(41453,182)
(41741,14)
(63805,182)
(30557,229)
(92685,95)
(112061,182)
(43581,237)
(94797,226)
(28397,31)
(89597,36)
(15581,58)
(43277,139)
(66717,238)
(40637,85)
(91117,14)
(46093,99)
(135725,177)
(79997,86)
(104413,239)
(13885,194)
(32221,155)
(24061,15)
(98669,47)
(134253,182)
(76541,48)
(88077,97)
(90013,27)
(62637,62)
(11949,231)
(6765,212)
(26701,50)
(105325,123)
(37661,181)
(8765,128)
(126685,74)
(55757,165)
(9949,133)
(49149,229)
(78909,58)
(44173,230)
(25245,236)
(317,63)
(12589,122)
(58717,167)
(30621,134)
(221,127)
(44717,190)
(39757,127)
(125565,118)
(83165,175)
(38877,85)
(50717,163)
(61837,58)
(62573,239)
(4717,84)
(80797,230)
(43757,151)
(127149,175)
(130445,25)
(13261,236)
(91661,238)
(126077,180)
(17021,182)
(62893,182)
(101517,144)
(2157,144)
(89101,57)
(33373,120)
(34045,237)
(66909,238)
(94749,187)
(110765,141)
(119949,180)
(70669,230)
(138429,96)
(110733,216)
(64749,216)
(23469,37)
(65725,33)
(4157,127)
(29517,122)
(116877,215)
(45869,237)
(71773,237)
(80093,44)
(16141,187)
(53981,85)
(112381,143)
(134813,230)
(12173,235)
(125197,238)
(70765,104)
(80973,120)
(28109,238)
(74109,215)
(137085,236)
(24685,195)
(21325,15)
(47869,72)
(85053,44)
(4461,111)
(85213,216)
(69277,236)
(83277,214)
(90589,108)
(133965,230)
(125101,229)
(124621,238)
(98029,60)
(19437,59)
(42541,84)
(69965,193)
(115661,212)
(33245,238)
(134349,194)
(1309,177)
(71293,169)
(20157,238)
(18573,214)
(8877,84)
(86493,51)
(97501,239)
(130381,94)
(96125,187)
(17229,195)
(81645,97)
(3485,97)
(38253,50)
(125085,238)
(48509,71)
(16333,44)
(69085,14)
(100125,235)
(7069,92)
(88333,190)
(92989,146)
(53677,154)
(6029,85)
(107533,12)
(81725,50)
(91629,182)
(81709,129)
(24909,157)
(103149,120)
(111325,238)
(136621,237)
(118637,229)
(205,92)
(63373,33)
(8013,107)
(94381,13)
(125789,178)
(121085,110)
(132093,182)
(42605,229)
(73117,132)
(89645,108)
(26749,43)
(98765,45)
(70173,223)
(94493,146)
(91293,23)
(27069,193)
(60317,157)
(114029,230)
(989,132)
(110221,51)
(136861,217)
(117133,109)
(51757,169)
(85325,121)
(100077,223)
(55277,127)
(78461,127)
(96429,133)
(26061,237)
(70701,72)
(135101,195)
(90957,238)
(98077,195)
(119693,238)
(57805,119)
(44621,83)
(120253,224)
(54125,108)
(31581,179)
(29021,43)
(13789,193)
(24541,230)
(7869,223)
(137373,157)
(119965,238)
(129645,190)
(28317,168)
(135677,122)
(61469,143)
(74285,91)
(83421,14)
(77549,228)
(83869,96)
(80941,127)
(77021,190)
(53821,239)
(8077,182)
(12989,155)
(84717,146)
(74541,191)
(98285,167)
(5133,120)
(10845,108)
(98797,147)
(129181,238)
(46493,144)
(106925,147)
(85469,44)
(120477,195)
(111629,159)
(22237,178)
(66621,86)
(79117,180)
(73245,129)
(35805,110)
(50077,218)
(104381,55)
(106957,104)
(38813,165)
(97037,216)
(113389,38)
(12429,228)
(85421,117)
(81661,121)
(127389,43)
(127085,183)
(29677,182)
(103437,120)
(29133,79)
(45997,98)
(132349,109)
(115629,177)
(32957,178)
(5229,69)
(52365,132)
(125933,239)
(128365,212)
(9357,204)
(5869,62)
(111117,193)
(115789,50)
(125629,96)
(119469,228)
(36909,238)
(61373,133)
(39165,228)
(112205,224)
(101757,239)
(109613,216)
(111981,84)
(110349,61)
(46653,106)
(41277,23)
(76717,223)
(94317,218)
(53901,12)
(7213,182)
(23181,37)
(106397,237)
(63821,182)
(70189,179)
(13341,236)
(86861,71)
(18957,180)
(19597,103)
(104397,110)
(74973,115)
(96589,176)
(541,94)
(99197,195)
(111661,108)
(53341,180)
(93229,180)
(73981,133)
(72317,104)
(67341,62)
(87341,39)
(26733,195)
(87149,121)
(10589,169)
(46477,236)
(44573,91)
(49053,239)
(30637,108)
(68477,25)
(82829,37)
(35181,238)
(50701,229)
(60077,158)
(9549,169)
(28653,108)
(58509,122)
(68861,236)
(48525,158)
(77725,67)
(59517,107)
(22349,238)
(18749,163)
(77037,51)
(127245,228)
(136797,50)
(116541,96)
(77469,104)
(3901,82)
(24477,139)
(75869,182)
(57373,182)
(40365,130)
(68221,110)
(92013,60)
(9005,190)
(28093,70)
(83357,129)
(128893,107)
(1405,238)
(5725,59)
(60253,44)
(100749,152)
(72397,187)
(73021,225)
(20797,120)
(26877,169)
(26125,74)
(1373,95)
(83853,182)
(127293,187)
(47645,25)
(39533,111)
(25613,73)
(1565,170)
(94173,50)
(3293,85)
(95357,56)
(34269,97)
(35821,239)
(126765,178)
(41309,182)
(47549,104)
(52669,230)
(137837,38)
(65197,181)
(117725,62)
(24253,187)
(33485,23)
(269,212)
(23661,98)
(130605,82)
(42781,223)
(114349,61)
(112541,122)
(54221,35)
(34189,44)
(43357,67)
(55309,129)
(66029,163)
(79373,109)
(104237,223)
(94781,133)
(89309,193)
(22893,145)
(27341,218)
(15565,144)
(76637,127)
(21053,193)
(79341,236)
(8861,236)
(19837,13)
(51693,85)
(82461,122)
(95757,12)
(117933,25)
(8365,92)
(79661,228)
(69837,239)
(101229,180)
(133533,12)
(92909,192)
(110093,214)
(14413,228)
(45789,175)
(70253,235)
(4061,237)
(4253,117)
(60173,182)
(70029,48)
(67229,236)
(81181,26)
(67133,225)
(40941,142)
(39549,121)
(107693,14)
(107757,195)
(133933,168)
(81997,23)
(80381,237)
(85789,46)
(19117,228)
(43213,13)
(27597,48)
(102413,230)
(173,115)
(72525,219)
(103101,63)
(31005,229)
(111869,61)
(40989,217)
(96909,86)
(104141,189)
(108189,224)
(3133,194)
(29181,189)
(48061,229)
(66829,63)
(83181,229)
(62237,144)
(118717,170)
(80141,70)
(71389,43)
(65309,39)
(128845,110)
(13037,55)
(31709,80)
(85149,96)
(100813,193)
(93997,236)
(68349,238)
(112973,103)
(105037,110)
(114093,71)
(83037,231)
(33933,70)
(119629,120)
(50061,26)
(13933,231)
(136653,238)
(122957,193)
(124365,120)
(26045,69)
(32525,224)
(128141,218)
(83069,37)
(39933,108)
(79485,98)
(113229,24)
(84093,84)
(89693,107)
(116589,226)
(12381,212)
(106493,116)
(45053,193)
(44141,47)
(135229,226)
(4285,177)
(33261,44)
(62173,72)
(126429,80)
(64573,48)
(25773,122)
(137853,133)
(114301,122)
(106141,25)
(129773,178)
(41357,39)
(64509,132)
(39197,214)
(86685,144)
(12349,219)
(30653,239)
(119981,46)
(62413,195)
(137165,189)
(62813,121)
(117565,146)
(22509,21)
(7501,178)
(126493,236)
(74701,238)
(5805,84)
(58653,105)
(36957,182)
(59389,145)
(96045,118)
(87389,237)
(88861,239)
(25565,70)
(71453,237)
(83341,194)
(32077,194)
(29789,191)
(19341,96)
(110557,111)
(50653,49)
(125725,86)
(137789,238)
(136957,37)
(57773,51)
(121261,48)
(109117,237)
(110861,236)
(14077,38)
(101613,127)
(123213,225)
(56957,74)
(79821,182)
(72013,181)
(17309,170)
(96269,21)
(106813,189)
(62701,183)
(79581,22)
(30477,214)
(27677,103)
(93581,230)
(23277,129)
(42493,87)
(99261,12)
(78557,48)
(83261,49)
(50125,121)
(84333,187)
(106461,230)
(118845,63)
(67181,176)
(44205,32)
(30573,85)
(36189,191)
(119901,239)
(8269,170)
(114637,99)
(23597,133)
(94925,235)
(68173,96)
(21869,60)
(61597,194)
(17581,169)
(118605,85)
(91325,146)
(11213,171)
(35773,157)
(122461,206)
(64621,170)
(101773,49)
(121165,237)
(44285,74)
(102717,195)
(97741,32)
(112957,68)
(80221,43)
(81837,120)
(34141,182)
(15437,182)
(35997,94)
(42045,35)
(126029,109)
(129725,73)
(131693,121)
(74909,48)
(133181,98)
(24669,194)
(123517,79)
(59885,119)
(95821,226)
(58125,25)
(105773,144)
(20589,110)
(96173,193)
(97869,146)
(71485,236)
(124957,97)
(91005,182)
(87357,106)
(111501,62)
(52573,82)
(30301,183)
(90813,130)
(53661,239)
(20125,75)
(137709,135)
(100541,24)
(113885,228)
(132045,238)
(102461,120)
(105693,122)
(1821,12)
(127597,193)
(75133,193)
(109565,212)
(113117,121)
(5021,214)
(134861,72)
(123725,43)
(97837,152)
(83149,226)
(132013,122)
(131469,231)
(124605,231)
(33853,182)
(129997,118)
(16637,187)
(17453,56)
(96109,37)
(98157,238)
(79885,217)
(89821,193)
(54861,24)
(72141,236)
(121389,38)
(1389,200)
(29117,109)
(80845,179)
(15085,225)
(62365,182)
(1549,238)
(36525,164)
(45853,228)
(52461,60)
(92093,57)
(65837,238)
(92749,237)
(82413,223)
(95901,205)
(8381,216)
(137645,229)
(128717,230)
(81949,96)
(23069,238)
(131277,109)
(38221,97)
(14637,98)
(7837,110)
(87245,146)
(5837,223)
(21453,238)
(19421,156)
(59709,12)
(83965,239)
(60957,177)
(54973,182)
(14013,153)
(93485,19)
(109005,109)
(24013,144)
(27773,15)
(127933,238)
(113613,239)
(21149,154)
(62077,25)
(124541,26)
(99869,231)
(126381,228)
(72029,26)
(84845,115)
(122845,146)
(45917,189)
(114701,159)
(103725,139)
(128493,239)
(34669,223)
(90349,75)
(8893,230)
(123021,15)
(91085,181)
(18013,37)
(64765,36)
(102125,110)
(4765,226)
(15421,228)
(44269,96)
(123341,193)
(445,177)
(39805,121)
(45389,24)
(56989,82)
(46621,237)
(117837,231)
(13917,180)
(105069,237)
(2557,187)
(62989,127)
(53053,62)
(9645,133)
(134189,228)
(128429,133)
(18045,84)
(134269,56)
(135069,31)
(92077,217)
(53469,95)
(64429,50)
(51773,230)
(93277,127)
(25069,60)
(60125,127)
(51725,239)
(84637,110)
(15981,119)
(30141,79)
(38333,63)
(42845,190)
(48381,32)
(87757,156)
(79773,155)
(122349,194)
(128557,13)
(80029,55)
(90221,14)
(55101,84)
(83693,14)
(32365,74)
(135421,72)
(2941,39)
(16653,74)
(100861,170)
(36749,145)
(81277,231)
(107293,239)
(36397,26)
(99069,236)
(90477,187)
(27965,56)
(62877,86)
(13613,144)
(83837,169)
(107213,218)
(893,48)
(102941,231)
(127037,168)
(12157,83)
(52605,239)
(126221,237)
(124637,132)
(83757,228)
(94109,111)
(1501,168)
(47085,218)
(119709,229)
(112429,134)
(51565,79)
(124221,105)
(106253,195)
(32765,163)
(16125,229)
(37421,178)
(96189,73)
(69773,217)
(110029,238)
(85117,228)
(34077,133)
(123773,58)
(6269,36)
(69661,204)
(23373,106)
(41853,168)
(6717,12)
(29949,182)
(132109,182)
(68301,34)
(127021,216)
(103853,228)
(88781,37)
(129453,236)
(100701,122)
(53933,127)
(80557,236)
(84269,145)
(61885,217)
(129325,182)
(54029,116)
(101165,37)
(9997,212)
(86781,169)
(60877,80)
(39229,170)
(17533,218)
(58237,229)
(89485,141)
(92877,84)
(96653,228)
(97213,85)
(125021,206)
(101581,190)
(106909,236)
(87741,211)
(126013,50)
(27325,26)
(114653,73)
(54301,239)
(116285,127)
(8909,191)
(59405,98)
(51965,63)
(125405,80)
(27757,121)
(67453,146)
(54013,109)
(135501,223)
(87565,168)
(36589,23)
(126301,80)
(120813,223)
(16573,133)
(43053,226)
(77389,194)
(8445,83)
(1997,97)
(132381,128)
(95485,195)
(124157,183)
(73085,195)
(67565,239)
(63517,106)
(113197,192)
(37581,48)
(2781,122)
(31693,119)
(11133,182)
(86429,206)
(116413,231)
(83533,239)
(71725,122)
(34653,182)
(48045,86)
(75437,182)
(115917,224)
(88621,86)
(14669,216)
(115293,236)
(72077,145)
(111437,235)
(51981,24)
(32733,110)
(18717,25)
(68333,50)
(66957,228)
(73133,193)
(71373,44)
(38381,49)
(4589,229)
(12685,235)
(1037,182)
(104525,120)
(14589,87)
(85197,229)
(101629,86)
(55405,26)
(117789,141)
(49997,44)
(5709,47)
(121757,239)
(2733,156)
(128029,142)
(35405,187)
(44045,182)
(38397,204)
(41789,170)
(68109,74)
(100765,238)
(131997,178)
(79597,239)
(42525,190)
(104253,182)
(60285,37)
(112221,47)
(133645,225)
(77437,195)
(48749,43)
(14653,219)
(32397,38)
(10797,236)
(37725,224)
(59821,181)
(49469,25)
(46925,217)
(62589,127)
(98957,182)
(6925,157)
(64653,33)
(124269,25)
(94877,156)
(62349,60)
(63789,178)
(70845,223)
(36125,48)
(1789,85)
(8973,213)
(101837,239)
(15389,231)
(123389,60)
(109981,37)
(8045,132)
(88157,239)
(21485,34)
(102541,91)
(133101,239)
(35373,49)
(63117,47)
(4109,237)
(104781,68)
(20845,12)
(57037,25)
(54829,182)
(28749,127)
(37453,122)
(50893,194)
(118061,118)
(8205,236)
(127853,175)
(36941,106)
(135933,93)
(653,180)
(925,239)
(118333,194)
(57357,87)
(46413,217)
(4141,132)
(15453,49)
(125389,109)
(99885,238)
(58349,225)
(40605,217)
(27053,19)
(120269,13)
(77053,231)
(123437,225)
(76685,127)
(27485,189)
(84861,141)
(112717,230)
(39629,108)
(87373,214)
(126189,238)
(125853,60)
(39821,108)
(38973,182)
(95421,15)
(33821,229)
(132813,132)
(124333,212)
(37181,229)
(50637,48)
(106205,12)
(42477,230)
(106045,93)
(52189,190)
(37789,108)
(96941,43)
(97549,92)
(87469,38)
(45421,116)
(127373,181)
(71501,238)
(68957,36)
(6253,229)
(10093,131)
(31565,38)
(49373,153)
(81933,230)
(101821,37)
(123949,142)
(77181,191)
(87069,170)
(92029,121)
(4029,92)
(16893,230)
(23901,169)
(66669,157)
(8173,96)
(24717,24)
(123277,120)
(80589,157)
(119165,135)
(82701,26)
(98989,194)
(125917,212)
(57101,236)
(94221,237)
(67485,21)
(71197,237)
(52845,182)
(52925,182)
(132333,25)
(134429,83)
(15469,24)
(78381,38)
(76221,195)
(19469,145)
(83309,230)
(120669,145)
(135405,182)
(23213,239)
(4813,13)
(35309,129)
(54093,33)
(28269,142)
(70285,14)
(130205,24)
(125053,109)
(132365,237)
(11613,214)
(31853,107)
(121837,169)
(125773,92)
(45709,50)
(64269,120)
(71037,239)
(110669,60)
(74125,117)
(84381,223)
(96061,159)
(103421,98)
(104605,226)
(61949,223)
(63917,15)
(63629,218)
(114605,135)
(105661,82)
(78605,27)
(29805,105)
(19149,235)
(33693,230)
(66749,188)
(34973,144)
(76781,181)
(61917,19)
(59773,239)
(89005,127)
(106477,224)
(106605,236)
(93805,152)
(3597,144)
(12125,159)
(73149,95)
(39341,194)
(87613,157)
(27613,235)
(35037,36)
(52429,231)
(49165,239)
(34765,224)
(37757,182)
(3037,218)
(71661,231)
(80349,228)
(52061,182)
(41085,122)
(130045,180)
(89277,95)
(124717,84)
(124461,237)
(98333,239)
(26957,84)
(86445,237)
(94333,98)
(78061,182)
(15101,15)
(90701,231)
(67501,239)
(77069,99)
(92493,167)
(105021,226)
(107021,86)
(31821,93)
(71437,134)
(58957,191)
(131901,194)
(94013,13)
(25837,182)
(95693,217)
(70893,189)
(91821,170)
(127101,207)
(11981,156)
(112077,158)
(62621,182)
(27581,169)
(130797,236)
(109,154)
(49597,170)
(77405,237)
(57389,120)
(87261,229)
(60413,92)
(25661,63)
(123053,96)
(104541,181)
(111389,20)
(22653,191)
(113917,97)
(11709,96)
(130653,171)
(123117,134)
(58301,49)
(65101,181)
(25997,225)
(68269,216)
(19773,73)
(35693,37)
(53261,82)
(98045,105)
(38749,144)
(72989,99)
(118509,109)
(95837,238)
(133213,237)
(9885,13)
(74317,32)
(16749,170)
(100669,119)
(109437,135)
(95773,109)
(14733,120)
(107437,134)
(124109,103)
(68317,109)
(60141,239)
(39869,43)
(119405,236)
(37549,237)
(44637,22)
(39133,190)
(88013,51)
(13101,229)
(62957,85)
(8845,55)
(104013,15)
(81773,80)
(6845,97)
(59501,228)
(3917,51)
(120653,46)
(122653,236)
(85757,194)
(106061,230)
(28221,182)
(12573,182)
(49021,238)
(21773,237)
(76813,25)
(132061,230)
(61245,223)
(130669,37)
(22157,159)
(108669,223)
(118205,13)
(126877,237)
(24349,120)
(71933,25)
(42077,157)
(94205,157)
(117645,237)
(40285,98)
(126205,82)
(7549,68)
(45517,195)
(56301,105)
(108013,177)
(48941,156)
(88541,99)
(52397,238)
(30269,84)
(109693,228)
(136829,216)
(51741,121)
(1485,142)
(5165,239)
(50237,182)
(138013,48)
(1965,129)
(79405,165)
(84525,91)
(1613,143)
(115181,50)
(76413,56)
(38669,108)
(39709,133)
(36573,158)
(120973,236)
(21741,236)
(18605,181)
(44925,239)
(76749,55)
(2525,110)
(99613,231)
(67437,237)
(119853,133)
(76989,32)
(64157,105)
(129981,218)
(52781,49)
(131005,132)
(17037,123)
(39901,121)
(66077,56)
(17725,167)
(30973,231)
(100029,165)
(67677,99)
(100957,182)
(46301,111)
(126525,106)
(129037,195)
(129901,62)
(10269,121)
(103069,181)
(43373,116)
(55341,193)
(61133,193)
(76013,238)
(102477,225)
(81133,110)
(88845,129)
(85261,26)
(57837,230)
(12653,128)
(63677,239)
(43789,158)
(74173,238)
(49965,57)
(50253,85)
(14317,106)
(131197,32)
(88141,237)
(124237,170)
(70861,193)
(14605,62)
(77693,176)
(74781,238)
(10285,75)
(27293,119)
(11549,141)
(79277,85)
(59437,55)
(127677,93)
(54797,95)
(6733,34)
(62013,32)
(6685,122)
(74637,239)
(8141,224)
(80893,62)
(37629,39)
(115005,230)
(88813,195)
(42733,49)
(35965,214)
(108733,120)
(117693,194)
(90797,226)
(134781,231)
(108493,80)
(72477,131)
(19325,144)
(136605,60)
(58493,56)
(129517,195)
(60013,182)
(122093,32)
(58109,39)
(40557,110)
(1661,238)
(103021,117)
(24317,19)
(26317,230)
(122637,239)
(46637,48)
(107789,103)
(49069,158)
(28477,218)
(52013,193)
(47901,60)
(112461,223)
(115821,194)
(46813,193)
(106317,182)
(115037,127)
(3661,93)
(111853,72)
(22829,147)
(22061,191)
(118349,22)
(79629,187)
(104589,194)
(112317,63)
(2397,24)
(21949,229)
(83085,230)
(100733,229)
(3869,216)
(73693,216)
(5965,163)
(27837,229)
(67389,117)
(30781,223)
(97453,109)
(42301,182)
(80509,75)
(125757,74)
(14909,156)
(38189,24)
(51021,85)
(54957,117)
(1165,119)
(43069,48)
(63149,195)
(87325,120)
(134877,230)
(71757,131)
(49085,195)
(25421,127)
(134605,175)
(100525,116)
(27037,229)
(126509,133)
(130733,74)
(59229,195)
(133309,134)
(48349,127)
(56013,182)
(74349,230)
(92541,216)
(111405,146)
(95533,59)
(13549,229)
(56909,166)
(135853,121)
(67213,111)
(71341,224)
(97085,187)
(15773,111)
(25597,105)
(53581,194)
(60333,99)
(112413,237)
(125837,235)
(58397,12)
(17389,228)
(30173,49)
(55741,22)
(89709,216)
(40733,120)
(91981,225)
(98573,15)
(129597,60)
(23309,51)
(6221,217)
(12077,228)
(74253,180)
(126733,217)
(110685,73)
(4333,238)
(3805,170)
(67901,176)
(397,239)
(75805,62)
(65805,105)
(1949,180)
(124893,228)
(107069,190)
(128909,231)
(97693,120)
(118861,15)
(115693,238)
(43901,225)
(98845,177)
(130221,131)
(124381,82)
(44461,236)
(135341,236)
(108989,180)
(58189,57)
(99581,239)
(65533,237)
(113693,31)
(131933,163)
(25789,39)
(6973,228)
(12253,238)
(31517,171)
(103661,218)
(35901,154)
(127981,122)
(27629,14)
(5053,63)
(100349,158)
(103085,226)
(108109,228)
(109837,225)
(132445,238)
(89085,24)
(115261,225)
(16381,83)
(104509,23)
(87885,86)
(24109,85)
(34477,74)
(119069,118)
(29565,91)
(114077,132)
(99437,96)
(120941,45)
(66189,218)
(41197,228)
(44653,127)
(114397,108)
(71693,236)
(136733,144)
(87501,231)
(33389,158)
(52973,168)
(81629,122)
(18893,218)
(92525,108)
(11693,212)
(104765,144)
(133389,159)
(91965,217)
(68381,239)
(11021,223)
(29293,128)
(65821,36)
(123565,223)
(30045,68)
(51821,216)
(32413,128)
(32973,86)
(42941,104)
(103197,180)
(129549,97)
(13725,58)
(110541,181)
(7101,72)
(56701,156)
(60093,127)
(92045,226)
(62333,182)
(71869,216)
(104557,182)
(18077,166)
(77709,122)
(86733,193)
(23805,183)
(83245,213)
(53613,74)
(133037,132)
(107645,31)
(32877,239)
(121117,195)
(43133,85)
(52109,122)
(96717,170)
(16525,182)
(16461,25)
(20237,164)
(60749,23)
(28173,180)
(113901,15)
(96765,193)
(25629,170)
(79037,95)
(70621,171)
(72093,128)
(46861,217)
(12301,26)
(25325,87)
(75149,193)
(81581,98)
(115757,134)
(109181,180)
(26365,37)
(83565,61)
(72877,163)
(10893,123)
(16989,92)
(46541,43)
(68573,146)
(114125,61)
(55981,79)
(56077,145)
(87933,195)
(88429,38)
(103037,120)
(40621,171)
(123581,230)
(3373,24)
(9389,60)
(85533,60)
(107149,218)
(14877,105)
(94061,130)
(106733,14)
(129069,226)
(133821,200)
(79981,48)
(63773,72)
(64221,120)
(44397,223)
(117325,23)
(75309,182)
(733,225)
(131725,109)
(133341,110)
(95277,25)
(10957,120)
(125005,180)
(70445,167)
(34573,44)
(120557,59)
(137661,72)
(62941,96)
(105469,226)
(110781,19)
(111789,141)
(76701,226)
(30461,194)
(76877,224)
(79357,128)
(31085,140)
(112365,27)
(93069,239)
(41389,228)
(56093,229)
(58093,212)
(42381,229)
(123821,50)
(41373,73)
(101805,194)
(81917,237)
(90637,32)
(105709,25)
(71053,224)
(86669,177)
(105629,144)
(108557,106)
(137869,32)
(116157,170)
(27805,236)
(54461,15)
(48317,216)
(72221,170)
(100989,231)
(31757,142)
(509,238)
(41693,239)
(23949,169)
(105005,231)
(41341,108)
(16669,61)
(78989,224)
(117981,49)
(80157,168)
(65037,50)
(52509,22)
(27437,237)
(62445,110)
(116701,154)
(85021,56)
(93197,98)
(116253,109)
(39581,15)
(51101,217)
(92237,50)
(40893,98)
(130765,212)
(19533,44)
(8109,84)
(21709,191)
(84621,145)
(63341,110)
(48445,108)
(45981,182)
(75181,135)
(18829,26)
(131949,133)
(134301,216)
(13357,195)
(59853,13)
(19501,236)
(79245,195)
(127629,230)
(89437,193)
(1533,238)
(89517,235)
(130365,122)
(36621,237)
(49629,228)
(80813,236)
(61421,194)
(50525,236)
(80525,239)
(14237,164)
(69741,190)
(101933,215)
(109757,82)
(107325,169)
(15485,80)
(76493,239)
(79949,223)
(84957,103)
(114557,94)
(64301,238)
(73005,180)
(68781,223)
(24509,163)
(109277,215)
(117485,99)
(115725,178)
(118557,156)
(134445,236)
(45293,195)
(130061,97)
(28989,38)
(75485,120)
(92573,236)
(112509,60)
(69789,103)
(29277,98)
(6557,169)
(94813,182)
(70781,83)
(39677,228)
(17469,86)
(19485,170)
(5405,230)
(88173,116)
(110429,216)
(71709,27)
(50941,189)
(121629,110)
(33549,229)
(124077,94)
(27661,239)
(67789,231)
(1837,23)
(102221,32)
(121901,193)
(56445,237)
(37517,191)
(61965,212)
(28541,231)
(130621,231)
(15933,95)
(64893,130)
(108237,50)
(21917,34)
(100189,122)
(60941,133)
(100909,142)
(5613,72)
(54605,188)
(115485,144)
(32925,14)
(97805,34)
(42813,86)
(50605,140)
(92925,35)
(99101,60)
(70221,23)
(26541,193)
(95997,57)
(78749,195)
(47597,239)
(131805,58)
(81325,195)
(58765,80)
(105149,140)
(78845,142)
(93725,37)
(25869,228)
(76141,99)
(98221,171)
(77197,133)
(78189,62)
(59101,231)
(39085,147)
(103389,192)
(94701,128)
(116125,37)
(103901,57)
(83821,55)
(48925,237)
(110237,14)
(75949,237)
(42989,170)
(14621,115)
(126253,104)
(45325,71)
(42269,38)
(8541,98)
(96973,177)
(42925,49)
(89197,37)
(27517,132)
(16861,38)
(18125,212)
(82653,134)
(56397,228)
(61181,182)
(74573,223)
(109021,212)
(89325,238)
(104189,67)
(34989,239)
(137773,228)
(76045,224)
(25517,187)
(40717,63)
(67661,225)
(73293,123)
(13,230)
(74605,223)
(52637,109)
(51229,175)
(81517,120)
(75021,75)
(114509,169)
(71517,231)
(116749,190)
(92589,146)
(16013,195)
(117661,169)
(129197,228)
(123549,109)
(88669,237)
(55901,35)
(80333,26)
(52237,86)
(132989,33)
(67021,36)
(118125,177)
(21245,195)
(91181,195)
(41949,159)
(51837,143)
(12717,215)
(18669,91)
(9293,62)
(83021,130)
(123933,226)
(73773,87)
(102797,190)
(120861,194)
(113997,15)
(115085,181)
(116045,35)
(20141,27)
(65133,80)
(108701,236)
(2621,170)
(12525,228)
(18733,228)
(29197,224)
(115933,214)
(20765,121)
(33421,212)
(85133,116)
(43693,120)
(109197,193)
(83645,156)
(22029,178)
(36989,223)
(39437,128)
(76557,178)
(74205,158)
(98317,218)
(89677,44)
(121549,120)
(57213,110)
(1757,48)
(45021,177)
(48413,36)
(101373,180)
(365,237)
(16541,239)
(117549,135)
(15405,141)
(26253,178)
(25453,38)
(110925,226)
(9709,109)
(89421,108)
(78365,27)
(71821,25)
(77869,49)
(82237,193)
(67293,63)
(87405,87)
(36829,182)
(98909,109)
(101901,158)
(21565,194)
(34093,121)
(137005,132)
(80269,109)
(122541,181)
(45773,237)
(88397,14)
(54701,180)
(20669,158)
(104301,214)
(64445,230)
(23261,163)
(106189,237)
(124429,24)
(91341,226)
(605,109)
(96989,57)
(104077,181)
(104669,155)
(22397,120)
(135389,92)
(58461,230)
(67645,156)
(115069,190)
(109357,111)
(101965,213)
(30365,226)
(30189,182)
(106845,79)
(55053,74)
(120205,239)
(37645,181)
(116973,238)
(17357,63)
(98429,238)
(54541,87)
(114333,99)
(83229,75)
(137629,151)
(138253,238)
(51485,167)
(99341,195)
(67549,169)
(59901,157)
(122493,236)
(13853,62)
(45309,237)
(1069,238)
(3581,180)
(51277,73)
(87677,236)
(79261,236)
(87517,33)
(50797,85)
(136125,230)
(99917,175)
(12893,179)
(18333,195)
(136221,183)
(91645,74)
(90893,230)
(123741,144)
(124141,158)
(93101,236)
(65341,145)
(57293,13)
(35453,170)
(11565,156)
(12701,238)
(134669,61)
(131101,189)
(30733,97)
(123693,229)
(73725,218)
(19101,98)
(70573,19)
(15037,193)
(35869,218)
(97581,169)
(136877,130)
(116333,193)
(72941,156)
(121373,170)
(59133,135)
(58269,43)
(30797,225)
(2333,26)
(14717,216)
(8237,167)
(47389,151)
(52093,121)
(103741,86)
(34125,72)
(117581,236)
(112749,170)
(64109,83)
(61357,182)
(17245,146)
(9021,228)
(60381,170)
(14541,195)
(72109,72)
(64333,239)
(110205,74)
(57645,72)
(10365,217)
(35933,195)
(66685,109)
(1453,36)
(132221,157)
(69517,182)
(33021,51)
(54781,31)
(119309,71)
(9789,212)
(125709,187)
(41709,49)
(57613,238)
(85245,111)
(16397,168)
(95005,74)
(133421,131)
(131117,68)
(41885,217)
(52829,85)
(37693,236)
(24605,182)
(46461,182)
(42957,31)
(110333,14)
(6653,216)
(89773,218)
(93629,182)
(134077,239)
(60269,235)
(64637,180)
(108141,238)
(66509,121)
(111485,20)
(119021,169)
(16077,239)
(21469,212)
(33469,13)
(75325,146)
(78813,117)
(27789,26)
(78493,205)
(43997,155)
(18429,127)
(8253,237)
(18061,110)
(128941,122)
(78861,194)
(15789,225)
(111165,144)
(53293,182)
(41005,230)
(20861,239)
(56973,133)
(19453,216)
(90925,214)
(78941,34)
(17165,119)
(102429,73)
(23725,170)
(797,188)
(56317,229)
(96285,182)
(17421,120)
(105485,218)
(5549,133)
(64045,230)
(103773,111)
(35757,122)
(39997,187)
(189,55)
(57453,74)
(4093,12)
(117757,182)
(26221,230)
(33741,134)
(58445,71)
(7949,142)
(96845,158)
(39597,22)
(35229,182)
(22861,144)
(13501,62)
(18253,236)
(95549,145)
(47341,86)
(20301,51)
(48877,180)
(90061,228)
(23645,143)
(62493,12)
(132973,49)
(74493,106)
(26029,120)
(81597,181)
(97469,25)
(83101,87)
(107005,133)
(111837,238)
(40045,132)
(102621,218)
(30397,193)
(63357,144)
(111277,21)
(35085,238)
(47149,49)
(135837,235)
(122989,120)
(97341,84)
(115741,143)
(106093,206)
(11069,74)
(78349,157)
(6173,108)
(125149,31)
(78781,58)
(9245,195)
(65773,24)
(50109,142)
(66109,123)
(130253,236)
(26301,146)
(110109,14)
(45405,121)
(133741,194)
(108637,121)
(11805,239)
(68525,71)
(53421,14)
(61453,62)
(97181,129)
(128381,97)
(17133,56)
(100445,49)
(135053,191)
(41565,237)
(3085,239)
(2381,177)
(89373,154)
(28637,228)
(113773,99)
(40157,238)
(31917,195)
(40333,50)
(110909,230)
(78957,12)
(93405,60)
(123757,216)
(135789,118)
(138285,145)
(46013,116)
(38301,131)
(76397,94)
(125341,231)
(62253,168)
(15645,25)
(4941,182)
(105517,70)
(111149,57)
(3005,230)
(22077,121)
(40013,23)
(110493,214)
(16813,15)
(43549,108)
(56381,129)
(115117,111)
(132589,103)
(38461,128)
(40797,60)
(90285,74)
(7261,236)
(89165,49)
(93085,164)
(10541,51)
(112989,192)
(100109,182)
(110365,129)
(119005,129)
(40877,59)
(8349,156)
(78893,55)
(113501,120)
(119565,14)
(54733,87)
(45437,236)
(62221,217)
(10685,120)
(30493,79)
(57917,218)
(98493,103)
(413,108)
(2029,81)
(75965,228)
(3213,224)
(1357,218)
(60221,236)
(59181,181)
(106637,110)
(5901,224)
(5645,195)
(36109,195)
(72701,195)
(39101,204)
(86061,20)
(38173,228)
(77517,238)
(135533,228)
(49133,238)
(42877,177)
(21277,15)
(124445,182)
(44605,80)
(10125,84)
(42973,108)
(14813,134)
(1085,182)
(25085,238)
(60493,158)
(80109,127)
(118573,152)
(18093,154)
(74221,97)
(88237,229)
(41101,195)
(32573,72)
(8125,235)
(46173,119)
(132861,239)
(43725,63)
(129053,71)
(19853,68)
(82781,106)
(126829,238)
(69453,86)
(129341,91)
(26493,144)
(102765,123)
(29661,122)
(100397,238)
(114973,237)
(102237,177)
(122413,239)
(67917,72)
(132573,195)
(100653,156)
(3469,130)
(130413,224)
(63069,182)
(49005,238)
(117821,180)
(8797,168)
(45101,26)
(108429,119)
(133869,191)
(81261,91)
(70541,195)
(28717,51)
(72429,87)
(42061,131)
(68733,239)
(8477,145)
(38989,133)
(49693,33)
(137677,156)
(1725,236)
(67805,170)
(51805,169)
(71629,131)
(28941,239)
(49341,236)
(71101,193)
(6285,44)
(91069,129)
(65085,217)
(9805,87)
(39261,142)
(91757,235)
(101085,117)
(120013,239)
(108333,182)
(72365,20)
(16157,92)
(112125,79)
(60109,179)
(132909,96)
(41901,49)
(6141,118)
(67085,39)
(116397,238)
(127869,194)
(47469,235)
(85933,86)
(41229,239)
(85069,153)
(131565,56)
(72557,123)
(137549,109)
(56285,236)
(61085,104)
(36381,73)
(122781,238)
(115213,14)
(134413,188)
(34253,239)
(14797,188)
(21101,224)
(34285,217)
(107389,214)
(68509,191)
(43949,218)
(86109,24)
(73197,182)
(23869,145)
(47885,134)
(13373,230)
(72461,212)
(114861,183)
(58877,239)
(66045,38)
(2285,239)
(34557,144)
(74365,230)
(130941,26)
(33053,119)
(130573,106)
(3757,154)
(23117,226)
(91309,231)
(57261,103)
(25309,189)
(131549,229)
(129837,239)
(87661,216)
(52861,145)
(91453,73)
(36973,39)
(113133,128)
(137501,152)
(10701,182)
(115373,61)
(13421,129)
(29693,194)
(88269,122)
(101485,74)
(132765,193)
(117917,235)
(138093,190)
(43437,75)
(4317,73)
(20973,62)
(97677,120)
(34173,236)
(19885,231)
(96877,25)
(104941,237)
(97565,194)
(47661,86)
(112685,57)
(4653,145)
(103245,175)
(92461,38)
(60781,25)
(83981,60)
(96461,74)
(124877,183)
(69309,135)
(84909,59)
(87965,216)
(131213,110)
(74461,163)
(134925,15)
(101037,187)
(101341,57)
(29149,24)
(48269,144)
(4685,79)
(18861,177)
(69917,228)
(62429,33)
(108861,229)
(56829,58)
(85661,167)
(117053,127)
(124909,70)
(112269,177)
(112845,86)
(65117,25)
(1053,116)
(134525,12)
(116477,182)
(19213,106)
(35469,120)
(1325,237)
(90509,238)
(3517,231)
(31373,120)
(124013,218)
(35165,194)
(8333,168)
(10749,48)
(112909,106)
(11885,230)
(86125,129)
(121869,91)
(35277,85)
(36093,26)
(82173,97)
(21229,178)
(46029,74)
(89965,44)
(102893,73)
(3165,180)
(34317,120)
(85725,236)
(98109,225)
(126365,231)
(119245,130)
(78925,50)
(102301,73)
(134461,26)
(104813,44)
(11149,170)
(72621,225)
(112605,230)
(111725,225)
(129165,117)
(2541,179)
(7757,212)
(59869,229)
(133373,235)
(59277,239)
(87229,214)
(127709,130)
(82973,224)
(17261,48)
(108125,231)
(53005,129)
(88125,134)
(15805,228)
(127901,50)
(14445,236)
(105933,60)
(10669,51)
(17837,163)
(1005,238)
(107133,38)
(63085,237)
(74941,193)
(89293,86)
(84109,87)
(24269,217)
(98509,154)
(65517,179)
(5181,15)
(106173,236)
(14765,106)
(63565,238)
(109965,31)
(112285,94)
(130237,37)
(44941,12)
(51245,15)
(108253,237)
(128589,98)
(111613,109)
(122573,13)
(138397,128)
(112157,182)
(27021,239)
(81213,127)
(49661,93)
(82109,134)
(111469,230)
(8989,69)
(81469,205)
(63837,37)
(71677,239)
(112493,59)
(133085,239)
(103949,143)
(70493,179)
(10109,228)
(25805,44)
(60685,82)
(106573,96)
(74877,239)
(123645,24)
(93421,167)
(123165,218)
(56637,182)
(44349,159)
(57053,12)
(28877,218)
(68029,49)
(45005,216)
(28573,109)
(84989,238)
(98141,239)
(83437,105)
(71533,217)
(118957,110)
(110045,229)
(105885,157)
(33197,230)
(78445,218)
(32461,79)
(53917,157)
(116237,147)
(134749,228)
(106893,79)
(97261,188)
(2205,169)
(7693,81)
(8285,169)
(134909,158)
(38045,238)
(87789,226)
(24877,193)
(129021,72)
(94765,204)
(55469,229)
(60845,105)
(22637,190)
(127757,22)
(685,179)
(8189,109)
(138189,146)
(108925,218)
(105597,237)
(76157,43)
(81789,133)
(125901,230)
(83293,193)
(40909,140)
(33165,237)
(19581,218)
(28973,223)
(72445,229)
(67037,109)
(72381,15)
(133805,236)
(4381,218)
(28509,95)
(37933,146)
(95501,33)
(48861,135)
(71837,72)
(107421,132)
(137981,181)
(107453,229)
(20429,212)
(112637,49)
(120893,72)
(27389,151)
(64013,181)
(48365,169)
(76365,163)
(29501,60)
(94269,238)
(61437,130)
(20637,109)
(66093,24)
(113421,34)
(136765,193)
(109229,120)
(101565,236)
(10605,216)
(23325,61)
(60525,145)
(88637,170)
(14285,179)
(117293,195)
(90429,193)
(111357,202)
(130541,191)
(16365,144)
(64317,226)
(4925,231)
(120909,237)
(24653,170)
(34717,19)
(52205,229)
(66237,224)
(23501,22)
(9869,45)
(138205,60)
(117885,193)
(46701,106)
(95869,85)
(118797,73)
(3533,44)
(64557,58)
(56765,235)
(32125,74)
(24733,62)
(28669,62)
(108365,132)
(133437,217)
(57005,239)
(28205,238)
(34013,74)
(27853,226)
(2829,134)
(113165,237)
(32813,134)
(16493,36)
(101181,231)
(55533,134)
(47917,96)
(105677,230)
(26893,36)
(116429,108)
(67277,82)
(90333,87)
(117005,48)
(22525,47)
(53629,128)
(107181,231)
(131661,237)
(53405,236)
(136589,157)
(114109,127)
(9533,225)
(1133,180)
(117309,62)
(33405,84)
(106509,55)
(59565,239)
(76253,218)
(121005,169)
(106717,224)
(135805,71)
(5565,120)
(108349,168)
(104845,122)
(133981,175)
(3853,140)
(66125,44)
(32381,132)
(115997,13)
(123661,239)
(40829,187)
(56253,153)
(112141,24)
(3549,60)
(14845,229)
(77741,237)
(36493,134)
(85037,67)
(73469,158)
(100013,169)
(92797,73)
(120381,224)
(62909,60)
(6205,180)
(105805,55)
(55773,228)
(96493,135)
(74445,120)
(10317,122)
(45501,120)
(52045,171)
(79501,111)
(120093,56)
(126317,86)
(11485,229)
(134221,231)
(40701,109)
(113741,97)
(13645,193)
(73517,141)
(114237,26)
(6301,164)
(36077,182)
(25757,25)
(54317,165)
(88973,238)
(17517,13)
(19677,224)
(12829,231)
(137069,39)
(38285,239)
(14109,237)
(103837,229)
(28557,36)
(68093,49)
(123245,23)
(20701,212)
(2749,25)
(62029,127)
(71133,216)
(79741,230)
(15181,169)
(28765,67)
(65213,94)
(122861,60)
(36701,79)
(105421,229)
(45549,212)
(37501,96)
(102701,212)
(13405,236)
(51181,195)
(82349,82)
(93357,115)
(94685,141)
(113085,49)
(34797,237)
(84749,235)
(55085,152)
(116733,105)
(37005,108)
(132733,91)
(47405,109)
(87293,237)
(22429,104)
(114749,36)
(41437,123)
(129581,168)
(54205,224)
(101949,171)
(55213,235)
(59453,134)
(10525,169)
(1293,63)
(7789,69)
(96733,192)
(125325,146)
(61613,103)
(137149,37)
(75725,157)
(13805,14)
(97293,24)
(9037,239)
(62765,224)
(98829,182)
(133229,43)
(41773,225)
(99133,134)
(134621,180)
(12365,143)
(50349,239)
(106413,229)
(84765,91)
(33437,84)
(50317,187)
(56125,169)
(89117,122)
(21037,111)
(17437,86)
(79677,145)
(80765,195)
(29165,193)
(30349,154)
(90445,178)
(116941,55)
(106365,87)
(31405,57)
(25037,237)
(46237,175)
(31469,131)
(61149,231)
(20573,238)
(102989,168)
(119357,34)
(70141,38)
(129309,177)
(120349,51)
(3053,226)
(86765,94)
(65949,178)
(41421,194)
(92813,158)
(9165,238)
(17677,20)
(37869,216)
(6237,192)
(85885,128)
(74093,170)
(30749,228)
(136525,117)
(67405,130)
(137757,85)
(5117,189)
(33501,237)
(86093,153)
(119373,216)
(63741,238)
(127741,231)
(136077,74)
(11277,166)
(65261,120)
(46573,214)
(118141,180)
(53485,143)
(133005,27)
(7133,120)
(7005,168)
(132413,182)
(28253,157)
(34589,187)
(10013,225)
(15117,193)
(104125,238)
(76093,229)
(129485,190)
(35021,230)
(103261,116)
(78525,216)
(102029,225)
(36557,226)
(122733,201)
(31725,122)
(107229,229)
(36637,236)
(111101,72)
(106877,63)
(11437,48)
(63293,157)
(52621,216)
(104909,144)
(65277,230)
(98733,180)
(64253,142)
(50669,120)
(71965,191)
(75229,180)
(46717,179)
(86605,224)
(73533,218)
(101053,70)
(128989,238)
(93149,84)
(25181,86)
(138077,130)
(20909,79)
(13741,229)
(68237,223)
(46765,132)
(33453,223)
(71021,228)
(99645,49)
(70637,131)
(126269,87)
(96141,218)
(122077,228)
(10061,156)
(13053,236)
(27869,195)
(70957,74)
(91501,103)
(75005,68)
(73437,235)
(16253,67)
(26909,195)
(122157,212)
(6477,180)
(75037,49)
(51581,229)
(58253,218)
(94845,20)
(39325,156)
(108301,166)
(70941,193)
(82925,127)
(91517,45)
(118365,228)
(5469,168)
(59597,24)
(47021,238)
(61005,51)
(137309,121)
(108797,218)
(69357,106)
(137581,80)
(51869,55)
(54189,38)
(7117,215)
(52525,157)
(71149,85)
(78733,216)
(3933,212)
(4349,156)
(93373,35)
(83741,238)
(78397,111)
(42349,60)
(38653,144)
(125245,146)
(109869,26)
(44301,146)
(69613,38)
(1517,129)
(127773,94)
(33565,60)
(86797,144)
(69805,106)
(45661,239)
(57533,179)
(102925,97)
(16925,238)
(7997,127)
(132829,14)
(137101,224)
(71885,72)
(18909,49)
(61021,62)
(137245,166)
(21309,142)
(56621,74)
(78093,108)
(90141,180)
(121469,230)
(39357,237)
(17293,239)
(44893,194)
(88957,224)
(47789,158)
(36413,218)
(104093,133)
(59117,44)
(9197,23)
(136717,85)
(112333,34)
(13021,13)
(114061,194)
(62461,24)
(52141,141)
(20653,46)
(31357,59)
(72717,238)
(38317,170)
(78637,228)
(28493,169)
(126445,109)
(130029,182)
(11405,175)
(27357,181)
(127437,79)
(7853,24)
(15005,238)
(55453,133)
(14749,70)
(19181,178)
(124797,14)
(27453,194)
(77821,218)
(126893,238)
(82029,194)
(114765,86)
(122701,98)
(67517,189)
(115613,181)
(126701,94)
(45037,195)
(25853,115)
(38797,183)
(73709,122)
(113565,182)
(134397,87)
(136573,12)
(88557,187)
(70989,50)
(50589,81)
(6637,14)
(59021,183)
(104349,87)
(14301,228)
(100269,226)
(97405,239)
(31069,236)
(2845,158)
(134941,194)
(19373,231)
(74061,73)
(97885,122)
(121933,144)
(8749,178)
(18557,152)
(119533,83)
(21933,228)
(23965,237)
(62861,215)
(38509,75)
(37197,231)
(41053,120)
(81677,236)
(111341,32)
(48765,176)
(39965,236)
(134109,182)
(98477,181)
(1709,236)
(103565,14)
(21661,216)
(48157,122)
(49789,73)
(85773,237)
(90749,229)
(42893,146)
(58429,111)
(82061,37)
(98125,61)
(104365,146)
(38925,97)
(124861,85)
(109661,14)
(107981,230)
(119037,228)
(68669,187)
(1693,68)
(54237,239)
(56189,96)
(24285,74)
(103965,95)
(54477,108)
(114157,104)
(121725,85)
(43309,122)
(92829,182)
(68621,61)
(3821,97)
(41917,48)
(98205,239)
(89725,56)
(113213,142)
(79853,55)
(92205,168)
(38701,181)
(49437,229)
(49325,230)
(129805,60)
(51053,72)
(84301,231)
(133725,216)
(103181,25)
(134685,236)
(55021,111)
(22845,74)
(9981,84)
(12621,204)
(29325,36)
(132637,238)
(81341,73)
(133293,228)
(136893,225)
(69021,22)
(75261,229)
(34157,194)
(84429,238)
(132077,127)
(17789,181)
(50413,193)
(68605,84)
(57229,168)
(130429,122)
(124701,95)
(127069,34)
(44221,118)
(107165,104)
(123309,229)
(91565,229)
(64973,228)
(133133,72)
(39501,211)
(52589,212)
(36173,190)
(125997,224)
(64525,156)
(117085,130)
(111933,24)
(120829,91)
(110013,236)
(102205,191)
(112093,223)
(138413,38)
(37293,183)
(63245,182)
(19821,182)
(70301,194)
(4845,159)
(121565,154)
(129933,230)
(86173,212)
(2429,236)
(30093,192)
(128477,87)
(32749,228)
(57565,190)
(70125,194)
(125645,108)
(12877,61)
(64685,229)
(56797,183)
(85981,82)
(111997,188)
(21725,207)
(31773,86)
(38573,238)
(35645,109)
(3629,49)
(75517,164)
(98605,217)
(25165,63)
(17869,87)
(18029,49)
(59741,230)
(81533,156)
(97645,182)
(32349,50)
(14029,132)
(63325,182)
(128253,24)
(93469,57)
(52029,194)
(32589,235)
(52765,141)
(99661,120)
(86285,87)
(29421,83)
(29645,91)
(104957,121)
(23885,46)
(56349,238)
(30013,231)
(25677,83)
(129437,128)
(20493,228)
(69709,31)
(4301,218)
(136669,130)
(41293,170)
(14893,108)
(116685,93)
(120061,67)
(55037,93)
(6381,68)
(24845,224)
(88941,236)
(24381,224)
(115949,214)
(133117,182)
(4669,133)
(138237,169)
(119389,195)
(119517,225)
(120493,58)
(65293,104)
(93005,192)
(69821,166)
(26861,109)
(36653,182)
(124669,204)
(13469,157)
(72973,24)
(105437,83)
(109293,182)
(133581,120)
(133245,187)
(43981,15)
(3181,35)
(33277,236)
(93837,128)
(137997,239)
(103341,44)
(105981,237)
(37101,177)
(106797,237)
(25405,14)
(80493,180)
(68717,109)
(64989,84)
(34061,32)
(108765,74)
(17005,170)
(12605,156)
(28781,49)
(19997,50)
(2877,103)
(109133,120)
(96621,33)
(129293,229)
(119421,238)
(26173,50)
(44829,118)
(131533,46)
(121981,206)
(9085,193)
(48301,85)
(77565,154)
(38941,238)
(56141,182)
(82285,190)
(88525,108)
(110189,14)
(42317,157)
(31453,154)
(37709,183)
(108269,133)
(104701,37)
(120045,34)
(131405,216)
(130509,98)
(125981,24)
(134733,91)
(134317,187)
(53229,154)
(75789,63)
(91405,157)
(76861,21)
(67165,188)
(134045,62)
(20621,190)
(15357,235)
(42205,238)
(81965,230)
(58829,62)
(9661,86)
(116173,237)
(94589,181)
(118221,145)
(106013,93)
(1773,236)
(94349,229)
(41405,193)
(75709,237)
(132605,194)
(134957,169)
(28013,187)
(42397,85)
(34413,236)
(82493,47)
(5357,224)
(24941,21)
(97485,230)
(41261,236)
(9501,106)
(22765,61)
(123229,14)
(124397,24)
(32829,153)
(134989,169)
(84573,142)
(92445,181)
(90093,191)
(134573,39)
(40813,38)
(97325,194)
(3965,122)
(33885,216)
(17773,37)
(45245,218)
(16429,230)
(34397,15)
(104429,110)
(50989,231)
(5885,152)
(15869,144)
(117197,238)
(16477,190)
(27165,26)
(137917,74)
(98925,182)
(66557,224)
(100045,131)
(104157,226)
(56477,191)
(50813,224)
(16797,167)
(51421,239)
(114845,228)
(28797,96)
(67597,97)
(12477,191)
(85997,236)
(57085,182)
(136253,108)
(89581,182)
(80253,235)
(115149,155)
(65469,118)
(129853,86)
(125117,228)
(21645,165)
(38621,204)
(73677,229)
(92861,111)
(7341,61)
(30205,235)
(69037,122)
(18637,144)
(122045,68)
(63421,191)
(69757,223)
(66477,103)
(107773,238)
(22957,96)
(31869,86)
(67853,110)
(58685,218)
(82477,108)
(131069,12)
(98381,91)
(61709,239)
(74045,24)
(104877,108)
(129869,84)
(77757,106)
(137693,120)
(130909,129)
(118765,238)
(102845,48)
(9149,123)
(42461,178)
(126605,73)
(89949,238)
(116717,191)
(4989,212)
(120125,45)
(113549,109)
(114285,228)
(57933,191)
(122621,230)
(135885,86)
(35261,118)
(87133,188)
(17565,169)
(15501,171)
(131389,60)
(108957,195)
(129245,37)
(25533,96)
(41469,238)
(7325,122)
(58333,237)
(93885,236)
(94445,14)
(22605,230)
(77133,182)
(109261,129)
(35357,152)
(97437,38)
(100205,91)
(51325,236)
(23549,170)
(76349,133)
(99693,98)
(128701,189)
(18413,181)
(58013,226)
(2365,55)
(127053,194)
(124653,144)
(74653,236)
(114253,44)
(57885,182)
(26765,238)
(132925,194)
(99421,91)
(48653,49)
(106685,61)
(28461,146)
(81085,237)
(55437,19)
(26269,226)
(112029,179)
(63437,14)
(33117,25)
(131149,109)
(29773,238)
(17277,109)
(37533,68)
(84317,33)
(113453,156)
(15677,166)
(31101,187)
(117277,38)
(765,182)
(97277,56)
(125261,228)
(125357,228)
(104477,216)
(79805,134)
(115453,19)
(125501,177)
(29101,85)
(94973,97)
(127661,193)
(63949,237)
(112573,26)
(120429,92)
(133709,211)
(56685,115)
(53869,182)
(99597,91)
(10877,236)
(13389,224)
(42637,211)
(32989,191)
(19757,194)
(62541,238)
(68893,97)
(75533,46)
(13677,59)
(79565,133)
(116269,238)
(113437,217)
(131133,181)
(11101,143)
(66413,97)
(99901,116)
(3677,58)
(1805,58)
(82541,120)
(63021,169)
(28045,228)
(36925,109)
(37325,230)
(26237,98)
(124509,121)
(106589,146)
(126845,117)
(88301,80)
(128093,239)
(128525,230)
(133949,130)
(30429,181)
(87581,147)
(132893,231)
(40237,134)
(75293,215)
(125613,175)
(6333,47)
(16413,24)
(10829,62)
(57757,193)
(18461,231)
(118173,195)
(117501,86)
(113725,229)
(126285,151)
(16173,46)
(48013,97)
(56813,31)
(3229,50)
(116653,194)
(117469,33)
(47101,170)
(126093,147)
(123357,44)
(10221,166)
(95565,134)
(133277,216)
(35325,199)
(132653,190)
(68253,106)
(82573,143)
(106541,14)
(62605,25)
(65613,226)
(95325,182)
(99757,224)
(125453,216)
(132461,230)
(134557,26)
(83901,120)
(21997,13)
(109485,50)
(84189,212)
(117741,191)
(99469,191)
(107565,79)
(637,12)
(135549,133)
(120749,188)
(82685,159)
(66989,157)
(76109,120)
(135453,48)
(15837,195)
(98301,58)
(115581,193)
(29757,132)
(80781,97)
(25885,179)
(48589,24)
(104285,236)
(119101,230)
(90173,154)
(25133,85)
(42253,106)
(14365,195)
(122141,216)
(77165,239)
(86829,189)
(5037,15)
(47165,121)
(105565,36)
(18701,170)
(100221,179)
(69101,223)
(9469,127)
(18269,228)
(6413,216)
(91613,117)
(56061,47)
(53325,226)
(128077,74)
(82813,204)
(119341,237)
(1597,35)
(93613,13)
(41997,60)
(53549,134)
(20253,183)
(49453,85)
(83933,139)
(28605,31)
(6077,108)
(73805,92)
(59677,228)
(47293,93)
(114989,62)
(131981,238)
(113277,98)
(13709,49)
(56045,237)
(118701,58)
(26797,231)
(42621,50)
(6829,34)
(103357,129)
(47181,50)
(29741,80)
(16029,141)
(19549,157)
(66845,195)
(88989,225)
(38157,14)
(133677,179)
(1437,224)
(80637,218)
(14989,14)
(20173,118)
(46365,14)
(60029,166)
(13453,163)
(16941,216)
(48957,195)
(110957,190)
(135357,181)
(33789,103)
(2141,170)
(43805,133)
(84973,73)
(93245,177)
(52333,24)
(32157,214)
(38349,237)
(119133,204)
(5629,190)
(56525,39)
(40525,24)
(97005,237)
(65245,60)
(6701,79)
(121053,229)
(120077,144)
(121693,91)
(100285,158)
(136013,217)
(10557,153)
(121949,178)
(9821,36)
(20013,67)
(6461,179)
(90413,128)
(78669,50)
(110397,194)
(39373,105)
(66733,193)
(63453,116)
(35597,157)
(121309,216)
(54381,36)
(66493,118)
(16045,239)
(23933,212)
(84797,195)
(1149,159)
(9213,239)
(127469,43)
(68829,193)
(67613,95)
(28285,80)
(4237,231)
(63101,68)
(88909,235)
(93261,191)
(38829,239)
(127277,120)
(90157,93)
(117597,109)
(120621,228)
(4781,59)
(11869,212)
(105309,182)
(119581,74)
(135709,239)
(51037,134)
(125181,179)
(103373,216)
(57517,55)
(102813,73)
(93021,212)
(125949,58)
(128157,23)
(65485,33)
(74925,96)
(118541,147)
(123853,223)
(121709,193)
(136749,229)
(43629,60)
(60765,68)
(117117,225)
(60733,49)
(40109,74)
(133597,145)
(48461,43)
(60461,236)
(108045,238)
(91389,32)
(131517,224)
(127645,14)
(23101,31)
(34333,237)
(16301,111)
(92349,109)
(67725,12)
(39485,96)
(59757,98)
(973,26)
(28845,231)
(31309,24)
(76653,120)
(285,13)
(19661,95)
(92557,229)
(49613,14)
(50141,216)
(65741,182)
(74301,239)
(119741,98)
(27005,120)
(133885,98)
(129229,131)
(34893,157)
(36029,59)
(9453,194)
(13117,19)
(111229,207)
(50685,228)
(11245,238)
(124189,85)
(83773,130)
(131357,86)
(42573,182)
(115165,48)
(24813,24)
(93853,108)
(41517,110)
(63005,81)
(90685,146)
(115053,142)
(115357,239)
(39309,217)
(110893,47)
(33997,217)
(46877,193)
(61677,121)
(92269,51)
(137965,36)
(120109,238)
(76461,156)
(64285,177)
(86317,142)
(101437,107)
(12797,230)
(26925,116)
(65597,119)
(73565,39)
(131437,238)
(128317,131)
(109997,182)
(43245,238)
(113037,195)
(120333,190)
(37133,139)
(94157,239)
(39565,223)
(46397,235)
(103821,154)
(56269,45)
(26141,131)
(53181,85)
(45277,228)
(58749,182)
(111741,238)
(62317,239)
(8957,195)
(36269,74)
(53277,32)
(122765,195)
(33533,96)
(37117,122)
(95981,216)
(81037,182)
(108829,104)
(7741,132)
(26093,159)
(42365,63)
(45949,43)
(36237,217)
(84061,85)
(122029,105)
(39037,231)
(95181,12)
(42653,170)
(24989,164)
(118413,235)
(66333,229)
(112301,84)
(60797,157)
(85165,180)
(93597,180)
(34749,45)
(57245,230)
(113581,134)
(15597,135)
(67357,188)
(100237,128)
(124173,43)
(11773,231)
(83789,193)
(89389,237)
(50445,238)
(134653,15)
(51373,225)
(29357,128)
(34237,110)
(47005,231)
(21693,98)
(120925,195)
(45261,84)
(83325,238)
(84701,169)
(109053,219)
(51085,71)
(106221,37)
(112925,14)
(103757,182)
(21421,60)
(22781,216)
(110301,182)
(66525,15)
(61517,111)
(55837,120)
(18845,71)
(22941,179)
(59069,193)
(67965,130)
(29,237)
(96205,182)
(127997,156)
(132205,95)
(113357,187)
(131581,27)
(134205,14)
(58141,60)
(72125,239)
(1101,230)
(23677,63)
(117341,70)
(74381,109)
(101261,86)
(108093,178)
(77581,230)
(33293,194)
(107629,177)
(26573,108)
(31485,193)
(129629,120)
(82525,60)
(112589,189)
(81389,230)
(129213,135)
(27501,235)
(8685,73)
(13005,55)
(32141,147)
(54925,154)
(47037,206)
(120845,230)
(34301,48)
(133197,157)
(65645,129)
(44845,238)
(52733,105)
(79101,96)
(109341,230)
(44973,109)
(91773,73)
(106349,239)
(11181,238)
(38733,228)
(124989,105)
(52077,238)
(108317,170)
(69213,121)
(16445,158)
(58413,180)
(122381,120)
(79005,118)
(122829,235)
(93181,239)
(88093,15)
(39277,68)
(127485,238)
(66589,178)
(89917,97)
(105405,236)
(39213,142)
(61853,194)
(121021,178)
(128013,177)
(24093,214)
(54157,195)
(31549,168)
(33725,229)
(108813,120)
(88109,237)
(136429,224)
(88893,63)
(32301,182)
(132541,170)
(76173,82)
(36781,236)
(121245,179)
(53197,156)
(111005,96)
(1197,120)
(102605,79)
(13245,130)
(96077,48)
(42013,230)
(113293,178)
(80669,170)
(253,92)
(82765,224)
(103309,188)
(48845,170)
(66445,135)
(6317,183)
(121597,43)
(72653,224)
(18205,71)
(127549,229)
(99677,15)
(10237,22)
(32909,72)
(28861,116)
(51549,44)
(125373,231)
(14973,73)
(128733,57)
(31149,235)
(55197,63)
(21629,105)
(61645,223)
(79725,182)
(103885,182)
(102829,228)
(35949,187)
(84509,170)
(48813,229)
(132557,229)
(44541,36)
(132285,171)
(21213,223)
(106765,228)
(17101,51)
(26605,120)
(39741,157)
(59837,169)
(78621,84)
(2765,86)
(40477,97)
(134013,96)
(49117,177)
(55357,180)
(17181,237)
(27149,22)
(11325,229)
(82957,87)
(5261,60)
(56877,181)
(69197,231)
(58845,85)
(100493,194)
(43229,123)
(69533,48)
(132525,239)
(66205,86)
(130349,169)
(95709,87)
(41181,86)
(126861,27)
(46893,231)
(35517,36)
(70509,95)
(67245,20)
(78141,195)
(135469,238)
(88253,226)
(74429,131)
(76317,183)
(87085,238)
(10381,92)
(50205,216)
(48781,225)
(51917,193)
(77965,79)
(126141,214)
(113821,225)
(95581,230)
(62845,238)
(11629,195)
(87421,59)
(82445,237)
(124317,93)
(59645,129)
(84221,26)
(55629,237)
(45821,32)
(68205,21)
(84045,60)
(88701,212)
(122589,79)
(133469,83)
(24029,109)
(115469,58)
(1645,237)
(104925,33)
(117869,63)
(120221,237)
(16877,182)
(13277,95)
(3389,43)
(99149,75)
(37677,93)
(34909,145)
(13693,216)
(26381,165)
(10813,144)
(20749,158)
(130333,99)
(19933,183)
(781,231)
(42797,85)
(19741,191)
(32333,195)
(82141,87)
(80605,57)
(97245,235)
(10621,154)
(109421,121)
(44669,238)
(79069,226)
(120365,145)
(94413,238)
(78429,236)
(44093,187)
(60621,238)
(121437,225)
(30909,26)
(37213,223)
(74621,57)
(136061,187)
(122365,133)
(55149,231)
(90381,32)
(33981,61)
(128749,180)
(72349,195)
(76333,115)
(55869,230)
(100605,156)
(110653,163)
(101325,193)
(5373,99)
(25469,194)
(35565,226)
(105741,229)
(60861,238)
(35213,110)
(21165,118)
(43517,127)
(39453,151)
(59293,26)
(102397,217)
(70349,13)
(45085,130)
(57325,85)
(94509,120)
(58797,110)
(95341,216)
(9517,193)
(18221,128)
(22541,182)
(9837,24)
(113789,182)
(57069,74)
(95917,121)
(117261,195)
(71261,212)
(60397,12)
(81245,181)
(99277,63)
(9581,61)
(25981,193)
(75405,239)
(50461,35)
(21197,26)
(105917,144)
(7277,68)
(58813,159)
(123421,134)
(36061,176)
(131037,200)
(82733,236)
(107741,206)
(237,24)
(70333,236)
(52445,133)
(121325,182)
(36893,236)
(6157,104)
(131309,22)
(55965,228)
(114813,182)
(23229,104)
(53389,87)
(41021,104)
(26829,74)
(25197,228)
(100781,122)
(49501,239)
(73997,141)
(124685,229)
(51069,87)
(136109,164)
(52221,50)
(85437,238)
(17549,168)
(43341,14)
(36365,96)
(69229,225)
(131645,216)
(40669,190)
(105245,59)
(14125,235)
(97149,92)
(123005,229)
(99037,236)
(3101,168)
(88765,12)
(35837,48)
(23917,139)
(137901,133)
(16109,51)
(18301,223)
(20269,121)
(24765,237)
(45725,12)
(68797,127)
(90653,63)
(59981,74)
(47421,49)
(114685,230)
(51901,171)
(23037,183)
(128109,217)
(97725,218)
(2221,190)
(8525,103)
(133165,85)
(32285,104)
(2093,27)
(33869,212)
(84173,50)
(14221,139)
(71645,91)
(110269,57)
(126125,158)
(21341,143)
(37229,226)
(76125,236)
(69133,190)
(95885,191)
(97069,111)
(71597,146)
(72061,218)
(12141,191)
(39293,195)
(20205,235)
(86077,103)
(89565,229)
(87805,228)
(68557,37)
(54141,25)
(40845,60)
(38637,225)
(91853,235)
(83581,154)
(11757,228)
(35661,183)
(21021,207)
(35725,195)
(118621,129)
(93037,36)
(122813,225)
(99485,141)
(74525,218)
(15325,230)
(25901,105)
(63469,237)
(64701,204)
(49549,111)
(73501,117)
(53165,57)
(8829,143)
(84397,104)
(92957,146)
(75069,193)
(100317,97)
(92413,127)
(125485,154)
(9485,168)
(21069,146)
(25741,236)
(48493,239)
(91677,225)
(74413,48)
(38957,81)
(13325,25)
(104989,108)
(70093,177)
(116461,219)
(97517,86)
(138029,156)
(126237,21)
(133661,57)
(107997,167)
(96893,133)
(107885,236)
(48701,205)
(89533,51)
(89501,87)
(62189,195)
(86893,63)
(64925,145)
(50733,237)
(49533,229)
(44749,38)
(105277,134)
(11373,182)
(13901,231)
(96605,48)
(39949,226)
(65693,170)
(35149,152)
(14781,228)
(1421,103)
(15373,94)
(90461,117)
(25709,23)
(51405,217)
(42765,195)
(59485,181)
(50381,156)
(57629,127)
(27309,167)
(9629,117)
(91149,43)
(48973,115)
(121533,190)
(98365,224)
(122477,218)
(18813,62)
(113069,14)
(19981,35)
(22189,154)
(10941,168)
(56669,167)
(72333,187)
(73549,108)
(96557,20)
(8941,92)
(114957,217)
(135261,170)
(99853,105)
(121885,205)
(22333,120)
(77005,146)
(127693,183)
(129373,229)
(115869,180)
(104653,135)
(96221,237)
(128173,145)
(15725,24)
(30893,98)
(50957,35)
(94253,230)
(48173,60)
(7389,231)
(29245,230)
(31197,206)
(135997,73)
(90845,158)
(88445,106)
(43325,134)
(43485,120)
(63053,134)
(3565,230)
(60893,181)
(73101,212)
(44765,230)
(102077,187)
(74269,178)
(89149,128)
(122125,45)
(17213,122)
(64093,181)
(80429,228)
(23741,188)
(5485,83)
(37997,226)
(92109,96)
(77997,193)
(95197,117)
(110077,108)
(102285,158)
(32189,49)
(68541,134)
(93933,158)
(95661,231)
(90397,190)
(101501,187)
(137597,91)
(13165,216)
(64589,239)
(86269,183)
(92333,191)
(86157,226)
(28925,239)
(88829,141)
(129821,62)
(50765,230)
(70317,61)
(67533,167)
(68973,238)
(38061,71)
(47053,86)
(81373,165)
(81053,216)
(80461,23)
(33181,72)
(36317,229)
(11037,225)
(64365,50)
(4861,239)
(51197,215)
(26013,50)
(132781,237)
(104269,56)
(85501,119)
(129661,97)
(109549,193)
(61229,195)
(100381,107)
(12541,239)
(717,153)
(100893,72)
(97901,98)
(133789,79)
(44877,231)
(48557,239)
(100365,231)
(68013,158)
(24893,134)
(80685,223)
(14333,12)
(75917,177)
(69245,71)
(2125,61)
(813,38)
(6493,144)
(111533,109)
(81501,193)
(31277,219)
(23517,225)
(12269,231)
(92701,192)
(123837,12)
(87197,80)
(102445,48)
(68061,239)
(2077,144)
(10653,133)
(61757,67)
(38205,129)
(130749,115)
(31933,194)
(52125,75)
(157,180)
(32253,235)
(9101,108)
(70461,115)
(114013,75)
(90045,60)
(2589,146)
(102973,237)
(74477,229)
(90669,87)
(47949,191)
(61629,37)
(9693,224)
(24301,62)
(106781,239)
(119453,217)
(129085,145)
(132749,120)
(133565,195)
(136157,121)
(137453,239)
(59341,26)
(51149,73)
(40461,216)
(66813,33)
(57741,37)
(72509,132)
(93213,63)
(22221,49)
(68493,80)
(10861,25)
(78765,217)
(55165,158)
(133901,56)
(32781,67)
(1213,98)
(10509,97)
(110845,68)
(127421,108)
(138173,50)
(35117,24)
(37981,111)
(38525,195)
(72173,13)
(3117,144)
(26509,195)
(36013,57)
(49981,14)
(5821,239)
(30285,224)
(113005,230)
(77661,156)
(85229,169)
(80717,171)
(123261,231)
(70813,93)
(95261,237)
(130557,226)
(117901,238)
(119997,169)
(36685,239)
(124733,73)
(86653,188)
(51613,179)
(131485,24)
(55229,59)
(9773,24)
(8397,86)
(88509,236)
(110445,231)
(81005,25)
(122429,177)
(123533,145)
(122333,44)
(9853,236)
(26717,194)
(37565,228)
(105181,132)
(75661,130)
(61309,96)
(67837,36)
(118269,121)
(12845,182)
(33773,15)
(40381,48)
(32029,193)
(93549,73)
(137885,191)
(107821,194)
(39005,72)
(127565,108)
(118653,230)
(60445,189)
(89453,195)
(11597,61)
(22125,85)
(76205,230)
(99005,181)
(126349,159)
(59213,109)
(53949,15)
(77853,27)
(12861,26)
(48541,118)
(77293,68)
(17373,216)
(22669,109)
(38445,122)
(117149,183)
(78173,116)
(71005,193)
(93341,109)
(13533,194)
(53789,24)
(92381,157)
(51533,212)
(104797,169)
(113597,132)
(114797,187)
(92605,189)
(85869,235)
(126573,182)
(76573,228)
(46845,32)
(3197,159)
(4733,48)
(23389,127)
(76525,226)
(23405,157)
(6573,97)
(102269,86)
(132957,170)
(110941,171)
(120957,82)
(53805,67)
(38493,121)
(136093,144)
(131245,38)
(44061,86)
(121789,87)
(37165,195)
(137949,181)
(18445,180)
(22589,187)
(41821,107)
(57869,120)
(112733,86)
(7533,230)
(135981,228)
(60189,238)
(61661,81)
(123197,46)
(129117,170)
(43837,128)
(81853,158)
(102109,133)
(3949,108)
(80877,236)
(70589,181)
(82909,31)
(103581,34)
(57501,228)
(53085,130)
(85597,94)
(101533,71)
(111805,182)
(95933,212)
(6605,237)
(7613,15)
(110253,181)
(118877,15)
(93,239)
(3789,44)
(70205,231)
(86381,224)
(80173,216)
(119277,236)
(112109,118)
(72781,145)
(109581,87)
(23693,215)
(135021,24)
(43565,85)
(15965,194)
(44125,106)
(25261,192)
(13821,230)
(40141,61)
(18989,85)
(112797,181)
(47069,168)
(65549,159)
(7165,158)
(51437,218)
(15613,92)
(75341,179)
(131373,213)
(64125,237)
(18365,118)
(69501,218)
(18941,151)
(43149,194)
(76957,31)
(68685,175)
(87165,34)
(138461,105)
(92765,104)
(103517,25)
(127357,23)
(20445,25)
(101869,213)
(21373,106)
(25549,49)
(64173,170)
(54909,182)
(116013,157)
(77837,60)
(98717,170)
(51597,24)
(59149,179)
(101117,195)
(135597,71)
(46429,182)
(66877,49)
(12973,191)
(27709,144)
(137213,120)
(45581,71)
(63965,70)
(21181,229)
(76909,67)
(44493,214)
(107725,163)
(12733,14)
(25117,189)
(53725,59)
(15885,44)
(24125,225)
(37773,109)
(111053,34)
(92717,239)
(131325,228)
(111645,236)
(78573,225)
(134173,62)
(73901,230)
(29309,229)
(118077,182)
(25725,217)
(43501,12)
(88205,226)
(44013,107)
(15853,48)
(127805,25)
(99373,86)
(132429,70)
(137197,24)
(100477,69)
(122973,226)
(75197,24)
(135213,95)
(130317,229)
(136349,49)
(2669,12)
(85517,205)
(81565,143)
(14829,231)
(15997,223)
(14189,115)
(17917,195)
(19789,86)
(25949,236)
(84013,191)
(17501,229)
(30509,236)
(92845,120)
(61053,13)
(31677,180)
(88317,225)
(13293,60)
(53533,215)
(110605,106)
(24333,228)
(74717,194)
(112397,239)
(115501,67)
(61565,193)
(14157,106)
(79549,215)
(48989,187)
(118685,216)
(65357,191)
(9309,216)
(12813,218)
(25213,133)
(43773,236)
(83885,223)
(108589,117)
(64141,188)
(118973,193)
(74733,104)
(123101,146)
(29533,218)
(54061,37)
(115773,106)
(6541,109)
(46061,229)
(58365,97)
(27181,14)
(20317,183)
(59309,111)
(52493,48)
(117069,121)
(46157,120)
(26989,170)
(94285,194)
(18477,85)
(125213,57)
(37021,110)
(46797,212)
(54045,121)
(123709,237)
(97389,231)
(114173,67)
(94605,105)
(83661,239)
(123453,45)
(26685,237)
(12509,24)
(104973,131)
(4525,117)
(138477,134)
(45213,182)
(118429,188)
(134333,158)
(50189,147)
(74157,216)
(56781,108)
(89405,116)
(132717,84)
(119485,228)
(54573,37)
(115901,74)
(31117,61)
(3997,115)
(19645,71)
(54525,73)
(98061,116)
(101021,61)
(66893,74)
(119917,13)
(56237,189)
(80541,31)
(125677,235)
(104717,110)
(1181,237)
(73581,121)
(98461,122)
(36301,193)
(4909,72)
(61773,182)
(69949,218)
(91837,127)
(104637,178)
(103677,98)
(137325,238)
(15757,171)
(6349,129)
(73869,237)
(57421,180)
(113629,108)
(55597,110)
(31965,183)
(10973,139)
(124301,228)
(46189,238)
(53245,117)
(75773,98)
(84029,216)
(7421,82)
(99805,214)
(96333,128)
(90125,218)
(57709,15)
(128829,121)
(98621,223)
(133693,50)
(92429,238)
(133485,111)
(47245,139)
(55005,229)
(90253,95)
(573,50)
(112189,224)
(109469,153)
(28909,223)
(14509,236)
(82269,121)
(111197,228)
(86925,121)
(61805,133)
(106077,94)
(91213,195)
(106973,118)
(120989,201)
(64861,123)
(39661,104)
(25581,225)
(72637,26)
(5325,206)
(109501,85)
(53837,231)
(93677,85)
(4973,193)
(69549,179)
(69581,154)
(102685,228)
(134125,111)
(122173,236)
(127581,139)
(90941,194)
(10301,169)
(6061,216)
(10189,37)
(59917,158)
(30525,236)
(48397,133)
(116109,239)
(75453,110)
(125421,238)
(7485,144)
(65853,229)
(22013,57)
(134237,237)
(43037,96)
(79021,195)
(119293,192)
(130397,129)
(31533,230)
(89037,195)
(124829,188)
(127309,230)
(130637,226)
(106445,163)
(88749,60)
(28077,191)
(129101,122)
(4205,151)
(22877,164)
(60829,225)
(72541,25)
(94189,164)
(98637,228)
(16317,236)
(56429,115)
(4125,163)
(99021,87)
(99997,27)
(53149,146)
(2717,225)
(24781,13)
(62285,71)
(33757,182)
(88573,60)
(47693,171)
(70237,24)
(65581,80)
(57309,170)
(119085,74)
(122717,230)
(118157,236)
(46253,171)
(133453,169)
(7629,218)
(111261,19)
(30765,85)
(132141,84)
(18973,13)
(48189,120)
(39421,120)
(41037,236)
(57117,25)
(19917,182)
(78589,194)
(109885,86)
(105117,140)
(66285,214)
(42125,206)
(75597,37)
(44957,206)
(67757,231)
(17901,218)
(86013,25)
(25357,130)
(49037,212)
(67709,27)
(5421,38)
(7917,146)
(30157,130)
(8093,176)
(35981,108)
(16701,98)
(20285,180)
(49773,134)
(74845,14)
(94077,20)
(11821,238)
(86541,92)
(73213,182)
(77261,45)
(135133,239)
(100413,169)
(2701,223)
(110141,140)
(33645,94)
(48605,216)
(106557,213)
(107709,166)
(10925,229)
(79053,224)
(30925,230)
(128045,58)
(118381,24)
(131773,14)
(461,205)
(19197,45)
(113261,182)
(112765,55)
(113325,63)
(124493,50)
(111549,13)
(101069,238)
(110477,180)
(40573,70)
(116301,134)
(18925,216)
(5213,231)
(70077,15)
(40269,48)
(120605,238)
(103325,187)
(77309,169)
(56845,144)
(57677,223)
(26941,195)
(93053,98)
(111213,230)
(95245,225)
(114365,238)
(114429,72)
(111309,91)
(128685,190)
(6621,225)
(125661,230)
(135965,50)
(48477,106)
(95949,60)
(137181,229)
(88685,73)
(114221,212)
(89069,63)
(29629,132)
(6045,216)
(82429,180)
(129357,36)
(38077,94)
(91165,145)
(81293,60)
(115437,231)
(7709,67)
(133757,181)
(48829,239)
(116061,121)
(91997,43)
(108077,195)
(126061,84)
(41501,229)
(39773,223)
(75613,228)
(31293,91)
(7245,26)
(120301,85)
(135005,49)
(130861,57)
(115709,229)
(91885,133)
(87597,230)
(67629,14)
(77981,120)
(58589,229)
(92157,195)
(82717,86)
(98685,119)
(108509,163)
(110829,91)
(69421,104)
(14381,216)
(69405,183)
(82045,217)
(105645,229)
(81229,86)
(62301,207)
(23165,95)
(27117,182)
(63645,49)
(123069,85)
(64781,190)
(108893,169)
(127885,189)
(132301,97)
(30845,38)
(33069,92)
(100941,237)
(114541,237)
(63501,87)
(109517,97)
(115981,82)
(72893,191)
(48573,230)
(52957,24)
(135773,237)
(85005,27)
(110125,230)
(84461,195)
(102061,97)
(14557,168)
(121133,214)
(4365,237)
(36877,223)
(105549,108)
(117517,195)
(103485,62)
(54637,151)
(12413,187)
(80205,130)
(116637,13)
(96685,230)
(5757,195)
(11901,239)
(68157,218)
(23133,223)
(15053,218)
(15661,133)
(50269,212)
(121581,15)
(53213,216)
(37949,216)
(92941,216)
(133261,147)
(103693,236)
(66573,179)
(23565,85)
(65709,86)
(11997,229)
(21501,85)
(100093,167)
(493,229)
(43613,182)
(73389,140)
(4573,120)
(15245,168)
(19613,200)
(138333,96)
(51885,121)
(75101,176)
(5197,14)
(84781,182)
(90557,31)
(53037,26)
(127725,182)
(60909,195)
(76765,129)
(98653,204)
(112669,154)
(41645,151)
(5581,178)
(81421,236)
(82365,236)
(19357,238)
(104573,237)
(83629,236)
(100685,22)
(5277,236)
(67949,191)
(861,56)
(61501,238)
(5453,109)
(72237,58)
(113485,45)
(124205,169)
(21117,111)
(25373,140)
(71981,217)
(103117,13)
(137565,127)
(67821,238)
(14253,120)
(429,141)
(47117,12)
(53645,229)
(125805,70)
(29069,145)
(122605,239)
(109037,156)
(3725,143)
(69469,106)
(121341,187)
(64829,228)
(34861,120)
(93773,183)
(13661,62)
(109725,182)
(109853,229)
(43165,50)
(85309,82)
(6509,193)
(122317,194)
(87309,237)
(3981,212)
(61261,170)
(81821,175)
(110877,116)
(701,117)
(88221,107)
(133997,74)
(62749,108)
(53373,188)
(91053,204)
(30861,104)
(55693,195)
(48637,238)
(92637,34)
(11165,109)
(3341,169)
(55725,120)
(68413,59)
(64349,72)
(70269,235)
(78653,216)
(30541,193)
(84589,193)
(83117,226)
(131629,235)
(86845,26)
(35677,13)
(114621,216)
(135645,22)
(4557,120)
(89613,228)
(74861,26)
(111069,139)
(120701,85)
(31901,109)
(94301,177)
(99229,177)
(68125,239)
(62653,216)
(129389,47)
(91805,238)
(17709,98)
(137341,131)
(18381,204)
(93741,86)
(120733,25)
(20029,94)
(113101,235)
(87901,238)
(589,49)
(34701,31)
(58029,193)
(63389,163)
(40493,225)
(55117,228)
(111821,191)
(116221,180)
(93821,231)
(121421,178)
(95133,59)
(31981,182)
(62157,94)
(47741,58)
(115197,152)
(8717,34)
(51949,91)
(47453,45)
(134845,37)
(64957,98)
(109101,120)
(116573,51)
(101421,36)
(76301,180)
(18525,156)
(120157,69)
(49357,79)
(9757,181)
(28349,231)
(51165,74)
(28621,214)
(37613,238)
(80413,189)
(110381,194)
(45741,204)
(113405,50)
(76509,193)
(23197,68)
(40061,146)
(99501,237)
(42093,239)
(105821,72)
(94365,236)
(104333,225)
(2109,128)
(6669,229)
(40253,218)
(136781,156)
(86413,206)
(109373,26)
(126717,145)
(67005,236)
(40925,230)
(27277,26)
(74765,236)
(108061,182)
(117949,192)
(60509,154)
(132701,98)
(86461,87)
(55805,86)
(28381,39)
(81885,120)
(68989,69)
(113853,111)
(52909,229)
(3501,230)
(61069,212)
(49757,153)
(85693,61)
(55613,144)
(89805,237)
(45565,218)
(93565,188)
(5853,121)
(54493,132)
(19053,188)
(108877,31)
(82749,195)
(47133,190)
(85341,171)
(21517,86)
(55581,74)
(84157,129)
(8605,128)
(28301,239)
(22445,239)
(477,44)
(75373,103)
(10461,187)
(20045,191)
(30829,50)
(18109,224)
(82941,48)
(40685,20)
(35581,182)
(70413,20)
(17853,237)
(20189,145)
(34493,57)
(55645,146)
(73933,132)
(77933,236)
(66701,46)
(132397,21)
(101453,83)
(6813,163)
(79613,188)
(17597,69)
(26349,82)
(76237,49)
(7965,43)
(127453,25)
(135293,74)
(136445,229)
(57581,228)
(15917,50)
(104493,61)
(44909,151)
(5069,180)
(95165,169)
(98237,187)
(31629,120)
(9117,168)
(91869,207)
(37853,176)
(72605,225)
(114045,25)
(83005,134)
(57021,224)
(93389,213)
(81613,229)
(62141,224)
(104317,155)
(120173,229)
(41581,169)
(11261,109)
(15069,231)
(121661,81)
(7405,194)
(130973,79)
(19069,105)
(60605,35)
(76061,147)
(55821,182)
(29053,190)
(78333,182)
(107949,193)
(72797,238)
(92125,129)
(82253,25)
(98349,228)
(107357,158)
(123501,236)
(32429,216)
(46381,39)
(42221,217)
(125469,191)
(909,193)
(98413,91)
(134509,218)
(18285,226)
(135485,60)
(28893,139)
(29613,230)
(26109,195)
(108461,69)
(17981,195)
(113469,163)
(48733,213)
(23837,81)
(121037,50)
(78285,75)
(126333,181)
(118317,85)
(84125,51)
(49293,192)
(33325,38)
(32669,218)
(42333,132)
(49901,120)
(15533,236)
(26621,183)
(138157,13)
(58285,71)
(49405,182)
(57597,225)
(62509,183)
(135325,24)
(109069,108)
(20925,238)
(122877,56)
(45965,48)
(135757,214)
(55549,236)
(13597,218)
(28445,238)
(38541,151)
(128861,25)
(82317,225)
(17821,99)
(28813,229)
(4045,61)
(135165,38)
(47229,213)
(59789,207)
(49245,237)
(46109,106)
(5149,99)
(115325,50)
(34605,96)
(121853,36)
(21821,129)
(15213,74)
(134093,199)
(136397,239)
(101101,193)
(119213,69)
(122269,146)
(102573,181)
(63213,45)
(91485,164)
(136317,169)
(128797,134)
(57853,178)
(16589,44)
(107901,13)
(14349,152)
(34829,218)
(9437,157)
(94893,62)
(47709,96)
(113533,190)
(78413,169)
(27533,182)
(46733,217)
(100333,120)
(25229,142)
(114733,237)
(128973,224)
(59725,178)
(47197,71)
(81021,134)
(80653,224)
(136205,238)
(68765,144)
(128669,110)
(60669,35)
(87117,216)
(136413,111)
(28701,238)
(79757,31)
(89661,33)
(118397,45)
(128621,238)
(60701,187)
(59533,105)
(109149,182)
(102365,226)
(79437,25)
(109213,237)
(61389,230)
(55245,120)
(131709,228)
(126477,237)
(16557,180)
(70365,239)
(51853,228)
(16781,195)
(79517,239)
(72573,38)
(112525,217)
(115101,129)
(54669,60)
(127517,144)
(95741,168)
(16957,230)
(24525,231)
(65933,236)
(67869,68)
(10765,46)
(136381,95)
(37037,14)
(127965,35)
(43117,170)
(99741,99)
(80045,169)
(21005,175)
(101853,98)
(136301,85)
(88029,189)
(9901,159)
(75997,237)
(18685,86)
(41725,239)
(123789,33)
(37741,43)
(67933,156)
(44365,62)
(105837,230)
(98189,132)
(70061,238)
(91277,229)
(84813,146)
(2861,223)
(68429,48)
(17197,128)
(64669,93)
(62717,228)
(112621,236)
(133069,159)
(45453,26)
(19565,193)
(31229,181)
(78685,218)
(82861,194)
(87629,238)
(90829,195)
(64909,239)
(39117,47)
(85277,237)
(39613,15)
(8669,236)
(43885,182)
(106285,129)
(13085,191)
(62557,26)
(135613,231)
(73341,84)
(75501,68)
(80477,216)
(79197,140)
(87949,146)
(94141,58)
(10637,201)
(119053,85)
(136701,111)
(67261,60)
(94653,193)
(71277,239)
(3773,217)
(95725,236)
(17885,38)
(30877,236)
(66061,217)
(78205,239)
(117629,229)
(34461,85)
(20605,73)
(93309,74)
(40957,156)
(1021,190)
(115421,180)
(49197,170)
(86749,141)
(1917,230)
(14173,230)
(46989,217)
(133405,109)
(115517,127)
(96093,158)
(109405,195)
(49725,223)
(117533,55)
(123373,26)
(138061,167)
(26397,183)
(66317,127)
(31261,129)
(5773,71)
(34509,84)
(65069,178)
(11117,27)
(9373,236)
(36285,231)
(72589,58)
(82125,74)
(94941,48)
(30413,142)
(16349,103)
(7373,230)
(68941,146)
(102669,225)
(119597,236)
(49213,49)
(36253,239)
(122749,83)
(30333,218)
(53437,36)
(96237,133)
(33213,48)
(101277,236)
(47533,26)
(101997,236)
(30941,141)
(130493,97)
(100621,108)
(89981,235)
(4893,187)
(16685,195)
(96157,120)
(30061,44)
(30253,189)
(127405,27)
(55325,224)
(124781,111)
(105453,81)
(31389,182)
(21293,63)
(111885,26)
(87213,127)
(60589,12)
(89341,231)
(62525,229)
(112893,158)
(48285,130)
(56509,86)
(61485,157)
(111901,151)
(29085,120)
(123085,49)
(116317,48)
(133517,25)
(27213,73)
(45693,71)
(95597,179)
(20717,62)
(119261,183)
(47629,98)
(83213,49)
(73165,225)
(36333,189)
(34445,51)
(17965,72)
(99821,231)
(26557,133)
(27725,183)
(118093,51)
(105389,157)
(126749,182)
(137229,62)
(38477,120)
(38029,92)
(87485,122)
(133917,158)
(19133,236)
(81405,34)
(137357,158)
(101645,15)
(11789,226)
(67069,180)
(6989,191)
(111917,170)
(31885,224)
(134893,23)
(111709,181)
(117613,239)
(96317,231)
(12013,230)
(93709,182)
(42701,96)
(69933,163)
(114445,214)
(52893,61)
(51117,190)
(60925,109)
(1677,127)
(85901,98)
(31661,237)
(32317,26)
(64029,230)
(19293,37)
(77885,133)
(131853,215)
(54413,231)
(75053,122)
(57949,170)
(29229,228)
(91533,57)
(106125,239)
(38109,163)
(108717,95)
(118829,193)
(30109,25)
(43421,212)
(44509,50)
(132621,94)
(56941,193)
(71549,106)
(106029,38)
(107037,122)
(74077,25)
(55133,179)
(37917,24)
(66301,180)
(91917,25)
(10077,181)
(136189,12)
(119613,237)
(135085,80)
(15293,231)
(2413,157)
(94045,230)
(60349,59)
(121197,180)
(122445,237)
(129693,151)
(29821,238)
(82589,230)
(19517,115)
(3709,224)
(46605,180)
(5293,228)
(47373,49)
(100637,70)
(82013,157)
(48029,236)
(91709,98)
(125293,230)
(114317,48)
(55181,182)
(91229,122)
(121613,117)
(137053,237)
(73837,142)
(89357,170)
(23005,27)
(80125,167)
(68877,187)
(98093,95)
(21533,236)
(114493,80)
(111757,225)
(6797,146)
(121741,228)
(37341,217)
(80365,228)
(48077,106)
(17405,163)
(67421,164)
(19965,228)
(41965,152)
(109805,171)
(41629,230)
(57549,157)
(118781,182)
(39885,158)
(114669,219)
(119149,117)
(52877,27)
(116093,157)
(131021,62)
(116381,193)
(63869,123)
(6941,142)
(90525,158)
(113517,154)
(66141,48)
(56925,72)
(44525,12)
(32605,85)
(48125,237)
(29005,193)
(90989,231)
(43293,80)
(71805,56)
(125309,228)
(69725,140)
(70717,68)
(135181,97)
(7021,228)
(74813,147)
(126669,13)
(130173,57)
(78509,70)
(86509,194)
(13997,238)
(10333,47)
(24045,223)
(55069,81)
(53357,229)
(70925,231)
(32717,108)
(105293,35)
(33597,207)
(69181,237)
(116605,228)
(59613,74)
(88477,67)
(103981,223)
(110973,190)
(27197,47)
(70653,123)
(125885,27)
(137421,72)
(38413,130)
(126157,19)
(40653,36)
(74013,228)
(33517,60)
(99565,15)
(20813,238)
(22925,193)
(93789,82)
(120573,87)
(133149,177)
(52157,211)
(5789,123)
(20109,61)
(21677,93)
(22381,24)
(31325,81)
(60157,213)
(116205,130)
(82797,223)
(16237,217)
(129613,224)
(108205,24)
(94461,44)
(31597,182)
(9341,206)
(67741,236)
(111245,96)
(129677,181)
(53517,218)
(74685,37)
(130301,25)
(81101,34)
(79869,155)
(2461,181)
(60301,115)
(79133,109)
(101709,20)
(50365,24)
(41485,36)
(118669,120)
(93645,26)
(82669,20)
(19709,35)
(48141,229)
(125517,108)
(90205,238)
(56541,193)
(27949,194)
(102013,104)
(63229,216)
(76029,237)
(97709,239)
(108541,152)
(50925,145)
(106381,63)
(92781,175)
(104733,226)
(7805,180)
(10045,74)
(66653,106)
(73789,230)
(82221,169)
(109821,44)
(36429,236)
(85357,92)
(59085,237)
(124349,98)
(28061,120)
(32541,75)
(112445,24)
(44381,230)
(50493,39)
(8925,211)
(125549,225)
(10205,223)
(72189,171)
(30669,119)
(116909,116)
(102781,214)
(42157,182)
(84941,194)
(55789,218)
(108525,109)
(84477,62)
(110621,239)
(91101,84)
(78077,116)
(99725,238)
(111293,25)
(102509,235)
(54557,120)
(58605,239)
(60637,157)
(18317,195)
(99629,183)
(18653,230)
(57901,32)
(54285,134)
(64237,34)
(105581,157)
(63981,228)
(109645,120)
(117421,46)
(66253,170)
(47277,235)
(131165,195)
(79213,127)
(58045,37)
(109597,25)
(93869,211)
(957,117)
(38589,194)
(98973,14)
(121805,56)
(3437,127)
(74189,49)
(62269,15)
(94557,104)
(54333,180)
(58973,201)
(80237,142)
(51453,218)
(120637,170)
(22973,86)
(129005,44)
(24493,212)
(23533,83)
(73949,94)
(120397,110)
(28157,229)
(80397,239)
(94573,191)
(130989,177)
(136141,231)
(128573,225)
(92973,216)
(51005,145)
(119725,155)
(45677,70)
(85181,183)
(62829,32)
(77453,229)
(8781,44)
(24621,96)
(82989,183)
(119661,133)
(47677,39)
(70685,195)
(90269,224)
(117101,183)
(108445,22)
(125581,167)
(77421,86)
(56205,239)
(106109,144)
(88733,217)
(43869,230)
(60477,98)
(24141,231)
(116365,127)
(11309,98)
(42557,121)
(88381,237)
(4397,50)
(78477,229)
(11501,34)
(13213,187)
(138045,179)
(135437,183)
(26781,62)
(129789,92)
(27565,219)
(83549,61)
(13197,190)
(111373,34)
(38685,127)
(61933,118)
(114893,230)
(19229,224)
(63133,226)
(63885,56)
(87773,85)
(19869,180)
(83501,94)
(74397,193)
(45069,99)
(51677,14)
(114909,121)
(134765,44)
(25917,146)
(126413,218)
(134285,177)
(34813,62)
(122509,145)
(114829,191)
(20525,187)
(97373,93)
(130525,237)
(96829,146)
(118925,192)
(65453,71)
(100429,228)
(64605,226)
(134541,171)
(138365,182)
(36445,15)
(70909,59)
(133837,216)
(9677,127)
(111021,235)
(100061,144)
(4957,14)
(60973,195)
(100829,237)
(124477,214)
(136509,170)
(69325,12)
(55949,121)
(75165,13)
(32045,115)
(51629,152)
(27693,36)
(8029,182)
(20413,187)
(86045,181)
(91469,105)
(56221,27)
(19949,82)
(107917,151)
(89997,238)
(117997,169)
(119437,218)
(59357,207)
(80061,130)
(30685,121)
(73229,168)
(105533,226)
(70605,39)
(92061,225)
(45629,229)
(137293,127)
(44589,168)
(43853,123)
(45533,97)
(57405,192)
(14397,230)
(66461,238)
(132669,153)
(28365,225)
(56173,133)
(127837,187)
(8637,177)
(100717,27)
(117453,218)
(941,166)
(15277,236)
(15629,33)
(45613,38)
(63549,96)
(86589,36)
(73309,187)
(69869,237)
(103709,86)
(31133,14)
(109325,13)
(123597,68)
(89469,237)
(100877,218)
(107341,127)
(58205,98)
(82397,238)
(89261,14)
(117213,181)
(51133,231)
(65981,239)
(119117,61)
(106525,218)
(128461,194)
(86909,24)
(96573,237)
(100589,12)
(116797,189)
(103613,33)
(96397,238)
(45117,13)
(108605,55)
(128397,84)
(43741,239)
(37805,51)
(88925,226)
(96861,194)
(118445,97)
(37069,74)
(130893,236)
(96813,193)
(36845,229)
(62781,39)
(88605,121)
(18877,97)
(22093,122)
(6013,166)
(71997,194)
(77597,63)
(65181,192)
(129885,195)
(88493,237)
(50221,133)
(74237,239)
(85373,81)
(51645,146)
(68653,47)
(124285,237)
(108749,230)
(33837,73)
(85965,98)
(43261,228)
(136285,130)
(127261,142)
(112045,236)
(56749,170)
(2349,87)
(18493,47)
(103597,237)
(137517,123)
(86477,44)
(35709,48)
(27085,229)
(126173,223)
(36509,91)
(135517,170)
(18157,237)
(98173,225)
(105725,193)
(74589,107)
(25021,175)
(137021,110)
(77101,98)
(103133,94)
(109533,166)
(30125,235)
(91549,224)
(78301,225)
(122109,95)
(110157,157)
(138381,156)
(68365,110)
(15309,79)
(120413,217)
(124045,230)
(80013,182)
(17325,99)
(60557,218)
(44445,157)
(95805,74)
(98525,86)
(136269,225)
(97981,195)
(2317,204)
(135581,110)
(33949,181)
(44077,182)
(85805,46)
(29213,72)
(42861,228)
(67101,63)
(136333,193)
(54173,190)
(45645,36)
(84653,239)
(25389,14)
(60365,235)
(97821,237)
(15901,195)
(76445,194)
(108685,31)
(77373,92)
(45373,187)
(2957,193)
(85629,48)
(48333,119)
(126045,70)
(26333,231)
(48669,58)
(61293,195)
(22797,225)
(91245,207)
(118525,228)
(92509,237)
(37837,105)
(106749,146)
(99245,224)
(54749,37)
(64541,99)
(10909,157)
(66013,178)
(23437,132)
(90973,225)
(37821,146)
(106429,168)
(81693,32)
(1885,132)
(68397,84)
(96381,123)
(120525,237)
(116509,195)
(51517,145)
(23453,122)
(98541,85)
(89853,155)
(123965,239)
(621,57)
(5933,170)
(95117,152)
(61533,195)
(16509,105)
(76605,67)
(29485,122)
(34525,120)
(92221,81)
(98269,195)
(56157,168)
(24637,73)
(16061,190)
(29037,118)
(75901,216)
(54509,86)
(60237,141)
(54717,133)
(106157,157)
(112557,168)
(10717,178)
(381,237)
(3421,167)
(115341,182)
(27741,187)
(84141,129)
(35437,229)
(28525,38)
(116557,86)
(123405,117)
(118045,180)
(97997,15)
(29853,212)
(49917,58)
(39149,55)
(19309,120)
(135821,229)
(48621,122)
(76077,226)
(12397,237)
(123629,216)
(109389,12)
(16765,212)
(17117,139)
(73885,180)
(68461,60)
(121485,71)
(95293,182)
(100557,61)
(14861,212)
(125437,38)
(37357,123)
(82637,230)
(13437,238)
(86941,129)
(110573,167)
(96669,73)
(7901,73)
(29981,226)
(41069,80)
(19277,218)
(11725,229)
(66605,180)
(59933,187)
(36045,75)
(78125,107)
(85677,93)
(62973,74)
(48429,195)
(20893,193)
(21757,69)
(122237,228)
(103869,195)
(104173,236)
(49853,133)
(85101,127)
(118301,182)
(126781,127)
(107933,119)
(13229,237)
(38429,38)
(84925,86)
(30717,135)
(47613,216)
(70109,26)
(123181,237)
(46525,168)
(117245,158)
(123805,132)
(34685,229)
(3245,187)
(111181,237)
(42909,45)
(20349,159)
(77325,202)
(135661,13)
(78237,193)
(7037,109)
(112941,109)
(82189,110)
(72301,60)
(107309,120)
(22317,177)
(27101,158)
(137133,127)
(11293,39)
(40093,81)
(5661,216)
(61869,91)
(62477,193)
(6109,60)
(80189,226)
(51501,237)
(37261,238)
(55885,229)
(130093,182)
(44781,13)
(48237,236)
(9933,213)
(35133,188)
(16221,86)
(55917,192)
(47325,216)
(11581,94)
(130589,55)
(113245,224)
(42173,237)
(5597,22)
(47933,207)
(54893,25)
(130189,108)
(116669,133)
(17805,238)
(123293,239)
(108909,153)
(47517,206)
(98701,92)
(132237,224)
(43821,218)
(75245,47)
(5741,81)
(128285,14)
(63181,163)
(122013,180)
(21837,146)
(77949,177)
(4413,194)
(30445,61)
(22413,20)
(40589,91)
(21613,44)
(80925,238)
(69693,45)
(104621,85)
(86301,60)
(86189,132)
(52349,229)
(121677,182)
(123901,144)
(108941,238)
(34029,15)
(91741,132)
(12781,45)
(97197,82)
(126461,230)
(34109,37)
(3613,177)
(45805,20)
(112781,168)
(70877,63)
(131501,82)
(7357,92)
(24925,195)
(58061,24)
(38765,105)
(128237,116)
(63261,216)
(94733,73)
(88877,177)
(89741,236)
(20509,163)
(112349,237)
(58861,12)
(77645,84)
(86333,178)
(93757,23)
(121501,142)
(108029,67)
(79901,121)
(34781,223)
(72957,163)
(120589,167)
(50477,239)
(84605,61)
(25933,239)
(69149,193)
(78029,235)
(32685,35)
(93517,123)
(26813,133)
(63581,103)
(99405,228)
(57693,68)
(93293,132)
(70557,236)
(105613,132)
(20557,60)
(14941,191)
(62381,229)
(2045,92)
(88061,238)
(128205,217)
(56413,170)
(57181,133)
(74141,230)
(105133,239)
(127229,25)
(104205,223)
(61741,73)
(90077,133)
(44253,44)
(13149,72)
(33085,218)
(42589,223)
(130141,189)
(5005,14)
(97053,180)
(122285,157)
(134381,98)
(54077,237)
(58669,120)
(33357,23)
(35549,170)
(40429,231)
(124061,230)
(35341,181)
(71853,158)
(128877,120)
(64733,177)
(2189,22)
(103533,218)
(107549,237)
(24829,181)
(49837,231)
(96013,96)
(89549,73)
(43101,68)
(83453,193)
(22717,85)
(78541,229)
(45485,236)
(5101,109)
(57965,223)
(113341,228)
(111677,223)
(134973,239)
(68141,45)
(10445,60)
(133357,96)
(25965,118)
(101677,63)
(17485,120)
(87821,49)
(85405,26)
(121181,193)
(97597,84)
(49933,130)
(30077,67)
(73037,180)
(114381,193)
(106333,84)
(67117,169)
(22685,230)
(50829,236)
(82845,109)
(77117,115)
(88365,98)
(29453,98)
(15949,99)
(127133,239)
(79181,72)
(17149,118)
(12205,127)
(36605,132)
(45341,182)
(96525,228)
(131053,154)
(95037,86)
(47437,187)
(11965,70)
(36797,43)
(525,193)
(94397,167)
(82205,182)
(132877,239)
(24461,145)
(75885,133)
(8413,236)
(50397,50)
(123037,97)
(124973,229)
(1869,238)
(110461,158)
(86573,87)
(52477,142)
(5085,195)
(51389,229)
(88189,82)
(57997,229)
(26973,26)
(102045,226)
(54397,116)
(16621,187)
(15261,135)
(125965,80)
(26477,164)
(98013,85)
(58317,156)
(28429,80)
(12093,12)
(53997,14)
(76477,61)
(69165,182)
(36141,120)
(6445,170)
(54813,71)
(65757,157)
(78877,237)
(65901,217)
(127213,123)
(23773,218)
(21389,195)
(53309,228)
(75645,97)
(100157,229)
(61725,128)
(83709,117)
(115549,98)
(129149,182)
(95085,193)
(104829,79)
(68909,120)
(99389,236)
(68285,57)
(52173,109)
(76381,37)
(37405,72)
(127117,155)
(34381,20)
(86637,178)
(1469,26)
(141,82)
(33229,81)
(47309,187)
(92253,182)
(96797,110)
(20781,236)
(128541,103)
(118237,38)
(31341,109)
(45933,152)
(69005,228)
(49677,192)
(47805,239)
(10349,95)
(112877,38)
(80733,217)
(49885,97)
(4189,108)
(135869,170)
(73757,95)
(121213,237)
(100973,73)
(53597,231)
(95149,105)
(94829,228)
(125,70)
(69629,122)
(101597,238)
(122685,236)
(37245,154)
(18589,145)
(79693,169)
(7181,38)
(64189,120)
(62125,83)
(34877,238)
(113757,144)
(3069,129)
(37901,206)
(11933,50)
(40509,229)
(20221,70)
(76189,155)
(104461,27)
(10573,87)
(107661,109)
(116893,212)
(79709,69)
(78829,44)
(86557,122)
(24173,207)
(90029,218)
(97421,235)
(112813,110)
(70429,144)
(9069,85)
(110717,169)
(138493,62)
(44701,180)
(46509,194)
(31437,239)
(126957,110)
(116029,238)
(107469,225)
(75741,97)
(50029,57)
(60205,73)
(71309,116)
(105373,182)
(101309,120)
(121965,147)
(93437,151)
(36669,205)
(65885,132)
(64381,164)
(10477,212)
(23709,111)
(79389,134)
(47501,238)
(67053,26)
(124845,24)
(41549,218)
(35197,182)
(85549,111)
(20989,189)
(29933,229)
(40749,229)
(52749,105)
(8461,121)
(72749,43)
(8301,163)
(40781,215)
(124813,226)
(137469,182)
(77613,143)
(26285,181)
(55709,237)
(86813,86)
(25005,118)
(48253,98)
(114941,169)
(128445,141)
(31741,15)
(15517,211)
(73741,115)
(50013,19)
(47853,131)
(18173,108)
(77789,218)
(134365,120)
(40541,95)
(121453,151)
(30589,217)
(94525,189)
(115885,179)
(118909,25)
(78109,225)
(103629,85)
(29997,219)
(52989,79)
(64061,237)
(103165,110)
(88653,187)
(57661,236)
(126909,153)
(49485,224)
(88349,237)
(104861,191)
(72253,56)
(8621,35)
